100
0 52
3 8
3 85
4 99
5 67
5 69
6 53
6 89
7 16
7 92
8 11
8 68
8 89
9 30
10 23
10 34
10 49
10 87
11 18
11 84
11 95
12 13
12 50
12 56
12 90
13 88
14 28
15 24
16 39
16 57
16 82
16 95
17 31
17 36
17 47
17 58
18 50
18 67
18 88
18 95
19 33
19 67
20 37
20 60
20 73
21 39
22 23
22 62
25 48
25 52
26 46
26 68
26 89
27 38
27 87
28 54
28 63
28 90
30 61
31 34
32 79
32 86
33 63
34 43
35 40
36 63
36 73
36 94
37 66
39 49
39 52
41 51
41 68
41 78
41 90
41 94
42 95
45 55
45 62
45 65
47 50
48 67
49 51
50 66
52 91
53 76
53 87
53 93
53 97
54 88
55 74
56 79
59 72
60 85
62 78
62 93
63 91
63 93
65 80
67 75
68 96
69 70
71 97
72 80
74 96
75 86
76 83
82 94
87 99
