900
0 16
0 19
0 50
0 54
0 104
0 127
0 146
0 174
0 177
0 323
0 538
0 554
0 599
0 628
0 687
0 755
0 860
0 878
1 38
1 40
1 75
1 89
1 123
1 137
1 149
1 238
1 271
1 278
1 293
1 306
1 372
1 406
1 448
1 496
1 533
1 577
1 629
1 637
1 677
1 864
1 885
2 41
2 116
2 122
2 148
2 179
2 193
2 197
2 208
2 266
2 302
2 344
2 372
2 385
2 459
2 538
2 621
2 646
2 665
2 732
2 773
2 863
2 889
3 211
3 239
3 275
3 350
3 371
3 474
3 513
3 583
3 618
3 725
3 730
3 848
3 858
3 878
3 884
3 888
3 891
4 129
4 178
4 264
4 288
4 377
4 388
4 421
4 450
4 453
4 473
4 508
4 517
4 521
4 550
4 637
4 696
4 713
4 794
4 806
4 843
4 872
4 896
5 67
5 98
5 108
5 209
5 296
5 354
5 437
5 440
5 485
5 545
5 553
5 764
5 808
5 841
5 867
6 12
6 82
6 100
6 121
6 251
6 276
6 296
6 299
6 380
6 465
6 515
6 532
6 560
6 627
6 639
6 764
6 823
6 828
6 864
7 82
7 87
7 119
7 231
7 242
7 246
7 269
7 297
7 338
7 372
7 429
7 548
7 555
7 597
7 616
7 722
7 767
7 777
7 803
7 895
8 18
8 96
8 273
8 301
8 430
8 484
8 551
8 561
8 564
8 611
8 643
8 710
8 763
8 811
8 878
8 886
8 890
9 24
9 29
9 113
9 115
9 123
9 186
9 211
9 215
9 251
9 257
9 277
9 392
9 515
9 550
9 594
9 609
9 630
9 740
9 819
10 32
10 37
10 59
10 70
10 80
10 106
10 230
10 256
10 272
10 278
10 317
10 347
10 352
10 392
10 455
10 525
10 578
10 598
10 621
10 632
10 683
10 738
10 753
10 868
11 76
11 109
11 270
11 296
11 297
11 488
11 511
11 571
11 586
11 614
11 687
11 741
12 227
12 275
12 281
12 291
12 295
12 313
12 456
12 505
12 513
12 614
12 672
12 722
12 808
12 855
12 895
13 33
13 185
13 234
13 247
13 252
13 266
13 331
13 368
13 395
13 409
13 481
13 548
13 563
13 586
13 591
13 677
13 724
13 768
13 799
13 852
13 860
13 889
13 893
14 33
14 113
14 119
14 149
14 237
14 308
14 320
14 394
14 508
14 520
14 673
14 678
14 743
14 764
14 775
15 115
15 202
15 209
15 273
15 287
15 444
15 503
15 519
15 556
15 576
15 660
15 724
15 741
15 788
15 801
15 807
15 837
16 21
16 54
16 59
16 79
16 97
16 118
16 135
16 174
16 277
16 348
16 379
16 408
16 427
16 456
16 458
16 494
16 502
16 618
16 619
16 641
16 657
16 718
16 755
16 776
16 804
17 252
17 313
17 349
17 464
17 586
17 602
17 620
17 621
17 679
17 691
17 704
17 711
17 766
17 838
17 877
18 21
18 118
18 145
18 150
18 161
18 245
18 374
18 384
18 411
18 509
18 569
18 611
18 617
18 698
18 772
18 785
18 842
18 865
19 26
19 34
19 72
19 133
19 157
19 195
19 257
19 268
19 330
19 351
19 352
19 359
19 363
19 397
19 438
19 440
19 461
19 474
19 572
19 586
19 590
19 604
19 692
19 704
19 756
19 764
19 815
19 884
20 37
20 79
20 99
20 204
20 322
20 324
20 350
20 369
20 419
20 483
20 497
20 592
20 617
20 680
20 712
20 727
20 768
20 857
20 863
21 60
21 67
21 75
21 162
21 173
21 185
21 211
21 309
21 490
21 505
21 690
21 738
21 748
21 769
21 772
22 25
22 49
22 52
22 85
22 87
22 134
22 161
22 268
22 326
22 335
22 397
22 434
22 454
22 475
22 566
22 615
22 641
22 658
22 673
22 678
22 722
22 738
22 763
22 791
22 869
22 876
23 48
23 122
23 147
23 195
23 236
23 238
23 244
23 403
23 437
23 474
23 491
23 515
23 536
23 541
23 841
23 870
23 877
23 887
24 37
24 42
24 109
24 207
24 298
24 305
24 325
24 360
24 380
24 469
24 482
24 496
24 503
24 542
24 587
24 627
24 646
24 647
24 679
24 696
24 732
24 737
24 740
24 754
24 797
24 803
24 804
24 840
25 28
25 127
25 137
25 139
25 143
25 146
25 181
25 193
25 386
25 419
25 494
25 557
25 569
25 683
25 686
25 750
25 751
25 786
26 43
26 51
26 92
26 123
26 135
26 176
26 178
26 257
26 362
26 374
26 406
26 419
26 477
26 638
26 646
26 655
26 724
26 782
26 795
26 804
26 889
26 893
27 35
27 57
27 104
27 246
27 321
27 326
27 382
27 415
27 432
27 464
27 465
27 471
27 595
27 601
27 619
27 653
27 656
27 661
27 677
27 744
27 775
27 809
27 819
27 859
27 868
28 68
28 80
28 130
28 148
28 300
28 331
28 368
28 381
28 384
28 444
28 450
28 471
28 553
28 607
28 639
28 896
29 59
29 79
29 143
29 149
29 151
29 242
29 301
29 306
29 349
29 390
29 405
29 465
29 605
29 667
29 694
29 750
29 777
30 51
30 84
30 103
30 132
30 232
30 342
30 370
30 526
30 594
30 597
30 604
30 620
30 623
30 674
30 681
30 683
30 698
30 773
30 798
30 822
30 860
31 104
31 125
31 143
31 195
31 216
31 244
31 252
31 308
31 336
31 359
31 384
31 423
31 479
31 487
31 539
31 605
31 615
31 674
31 692
31 718
31 727
31 729
31 735
31 801
32 49
32 123
32 167
32 176
32 215
32 303
32 329
32 400
32 441
32 678
32 706
32 731
32 868
33 36
33 107
33 186
33 315
33 339
33 399
33 442
33 648
33 721
33 749
33 789
34 51
34 110
34 307
34 384
34 457
34 607
34 611
34 616
34 678
34 692
34 735
34 751
34 790
34 823
34 875
35 132
35 147
35 179
35 288
35 306
35 369
35 406
35 429
35 462
35 494
35 555
35 582
35 657
35 677
35 680
35 697
35 763
35 797
36 54
36 126
36 219
36 225
36 296
36 298
36 304
36 368
36 374
36 388
36 490
36 535
36 536
36 539
36 556
36 637
36 723
36 786
36 834
37 210
37 246
37 253
37 264
37 331
37 379
37 424
37 499
37 509
37 586
37 737
37 749
37 846
37 866
37 892
38 101
38 197
38 239
38 250
38 254
38 336
38 348
38 406
38 430
38 609
38 637
38 717
38 752
38 774
39 88
39 143
39 153
39 157
39 215
39 228
39 231
39 288
39 301
39 308
39 317
39 411
39 513
39 517
39 536
39 637
39 694
39 725
39 811
40 92
40 165
40 292
40 535
40 590
40 601
40 644
40 659
40 676
40 692
40 706
40 741
40 797
40 809
41 50
41 58
41 63
41 150
41 212
41 274
41 303
41 328
41 381
41 384
41 399
41 437
41 459
41 472
41 635
41 638
41 648
41 676
41 678
41 684
41 705
41 742
41 746
41 807
42 60
42 123
42 184
42 216
42 268
42 274
42 338
42 344
42 381
42 388
42 605
42 686
42 709
42 779
42 780
42 832
42 890
43 129
43 171
43 175
43 338
43 353
43 398
43 428
43 455
43 467
43 479
43 529
43 531
43 591
43 609
43 792
43 797
43 899
44 72
44 97
44 127
44 151
44 181
44 245
44 358
44 376
44 552
44 571
44 765
44 790
45 155
45 171
45 225
45 259
45 263
45 288
45 337
45 356
45 492
45 501
45 608
45 674
45 738
45 755
45 857
45 895
46 47
46 82
46 114
46 145
46 171
46 214
46 217
46 263
46 301
46 303
46 360
46 417
46 427
46 448
46 450
46 530
46 599
46 647
46 655
46 706
46 865
46 870
47 107
47 163
47 184
47 231
47 311
47 336
47 350
47 402
47 459
47 541
47 565
47 603
47 640
47 644
47 688
47 768
47 803
47 824
47 887
47 896
48 232
48 277
48 393
48 465
48 514
48 543
48 702
48 710
48 753
48 850
48 851
48 864
49 72
49 117
49 170
49 217
49 234
49 259
49 357
49 535
49 549
49 574
49 611
49 614
49 627
49 720
49 741
49 742
49 796
49 857
50 64
50 118
50 182
50 190
50 223
50 238
50 302
50 340
50 361
50 402
50 407
50 427
50 498
50 639
50 728
50 776
50 840
50 847
51 139
51 186
51 210
51 254
51 350
51 383
51 432
51 435
51 491
51 512
51 560
51 616
51 631
51 719
51 732
51 806
51 822
51 848
52 57
52 77
52 157
52 211
52 319
52 324
52 365
52 534
52 558
52 612
52 642
52 698
52 724
52 752
52 758
52 827
52 831
52 836
52 849
52 855
52 868
52 883
53 55
53 141
53 164
53 176
53 206
53 230
53 269
53 345
53 394
53 411
53 491
53 495
53 542
53 576
53 711
53 721
53 732
53 734
53 759
53 827
53 866
54 89
54 101
54 115
54 153
54 266
54 308
54 320
54 364
54 385
54 390
54 391
54 429
54 445
54 448
54 458
54 480
54 482
54 493
54 675
54 708
54 724
54 748
54 760
54 777
54 833
54 849
55 62
55 74
55 109
55 122
55 232
55 270
55 279
55 372
55 396
55 418
55 504
55 518
55 693
55 745
55 894
56 79
56 128
56 167
56 186
56 259
56 304
56 358
56 378
56 565
56 571
56 576
56 638
56 734
56 738
56 740
56 755
56 771
56 784
56 850
56 881
56 884
57 114
57 121
57 123
57 233
57 257
57 294
57 315
57 410
57 415
57 586
57 604
57 608
57 618
57 735
57 826
57 893
58 79
58 204
58 219
58 253
58 273
58 287
58 288
58 297
58 338
58 386
58 428
58 429
58 458
58 550
58 601
58 603
58 611
58 665
58 667
58 815
58 871
59 90
59 144
59 237
59 242
59 319
59 353
59 381
59 396
59 510
59 548
59 566
59 584
59 585
59 593
59 651
59 665
59 696
59 701
59 829
59 875
59 876
60 108
60 136
60 148
60 169
60 176
60 201
60 202
60 233
60 254
60 270
60 338
60 342
60 476
60 581
60 591
60 609
60 622
60 663
60 732
60 885
60 898
61 240
61 275
61 313
61 354
61 551
61 719
61 731
61 771
61 774
61 776
61 787
61 858
61 899
62 90
62 108
62 213
62 220
62 297
62 380
62 394
62 396
62 555
62 556
62 561
62 624
62 638
62 640
62 737
62 761
62 775
62 855
62 874
62 899
63 83
63 95
63 170
63 255
63 295
63 305
63 388
63 429
63 449
63 460
63 506
63 520
63 657
63 663
63 862
64 130
64 152
64 160
64 166
64 259
64 311
64 351
64 390
64 464
64 499
64 537
64 610
64 621
64 649
64 657
64 658
64 666
64 881
64 887
65 80
65 93
65 114
65 217
65 229
65 309
65 377
65 389
65 426
65 427
65 659
65 676
65 711
65 747
65 753
65 859
66 92
66 139
66 194
66 238
66 253
66 303
66 332
66 333
66 348
66 425
66 439
66 511
66 561
66 689
66 711
66 762
66 767
66 775
67 107
67 128
67 151
67 234
67 267
67 342
67 357
67 400
67 405
67 419
67 480
67 745
67 787
67 819
67 863
67 867
68 121
68 164
68 181
68 351
68 374
68 425
68 435
68 474
68 498
68 531
68 572
68 588
68 796
68 830
68 843
68 866
68 896
69 74
69 132
69 228
69 274
69 298
69 393
69 429
69 479
69 540
69 547
69 557
69 581
69 609
69 664
69 831
69 864
69 870
70 98
70 109
70 158
70 183
70 319
70 324
70 325
70 419
70 435
70 436
70 521
70 597
70 618
70 632
70 797
71 116
71 387
71 404
71 408
71 447
71 573
71 602
71 693
71 711
71 756
72 104
72 197
72 245
72 295
72 329
72 429
72 623
72 670
72 749
72 813
73 74
73 157
73 219
73 224
73 249
73 250
73 281
73 335
73 346
73 353
73 468
73 477
73 559
73 590
73 675
73 676
73 710
73 829
73 894
74 123
74 136
74 194
74 285
74 295
74 363
74 447
74 478
74 539
74 550
74 599
74 637
74 729
74 778
74 869
74 891
75 101
75 136
75 169
75 183
75 234
75 280
75 283
75 327
75 355
75 470
75 471
75 476
75 526
75 564
75 724
76 279
76 334
76 443
76 447
76 515
76 633
76 644
76 715
76 854
76 869
77 90
77 192
77 212
77 232
77 282
77 287
77 295
77 381
77 383
77 504
77 550
77 551
77 561
77 598
77 612
77 649
77 666
77 681
77 835
78 122
78 190
78 245
78 319
78 382
78 383
78 389
78 454
78 509
78 511
78 628
78 720
78 731
78 762
78 897
79 176
79 289
79 338
79 392
79 424
79 430
79 471
79 510
79 546
79 553
79 654
79 772
79 785
79 801
80 110
80 113
80 166
80 179
80 253
80 263
80 276
80 280
80 349
80 364
80 384
80 412
80 484
80 495
80 543
80 611
80 647
80 669
80 747
81 99
81 194
81 223
81 389
81 463
81 573
81 580
81 598
81 785
81 812
81 821
81 830
82 85
82 217
82 220
82 328
82 351
82 364
82 414
82 439
82 462
82 534
82 555
82 613
82 777
82 793
82 797
82 798
82 890
82 892
82 894
83 87
83 202
83 224
83 300
83 322
83 441
83 472
83 504
83 515
83 527
83 536
83 617
83 643
83 691
83 769
83 812
84 108
84 202
84 275
84 303
84 372
84 375
84 402
84 449
84 460
84 467
84 471
84 474
84 516
84 532
84 578
84 581
84 595
84 719
84 766
84 798
84 868
85 129
85 173
85 349
85 447
85 467
85 490
85 497
85 505
85 514
85 577
85 658
85 799
86 90
86 131
86 155
86 274
86 369
86 440
86 454
86 491
86 520
86 532
86 537
86 580
86 599
86 696
86 708
86 718
86 770
87 156
87 234
87 241
87 262
87 309
87 345
87 464
87 582
87 617
87 702
87 814
87 837
87 854
87 863
88 159
88 168
88 262
88 288
88 326
88 365
88 461
88 487
88 566
88 718
88 731
88 779
88 862
88 881
89 90
89 98
89 213
89 236
89 370
89 383
89 430
89 569
89 610
89 643
89 664
89 706
89 729
89 734
89 841
89 876
90 136
90 152
90 154
90 157
90 195
90 221
90 230
90 251
90 320
90 321
90 379
90 484
90 505
90 521
90 537
90 543
90 556
90 601
90 626
90 801
90 815
90 864
90 885
91 111
91 179
91 212
91 323
91 330
91 350
91 359
91 360
91 365
91 393
91 399
91 473
91 531
91 536
91 576
91 628
91 646
91 660
91 673
91 731
91 876
92 120
92 249
92 284
92 365
92 366
92 464
92 536
92 611
92 615
92 665
92 743
92 760
92 762
92 778
92 787
92 793
92 809
92 834
93 95
93 200
93 399
93 526
93 530
93 558
93 588
93 776
93 779
93 808
93 830
93 864
93 882
94 104
94 129
94 142
94 213
94 283
94 287
94 333
94 340
94 355
94 407
94 422
94 473
94 512
94 669
94 679
94 739
94 772
94 806
94 890
95 117
95 124
95 188
95 200
95 380
95 382
95 415
95 420
95 448
95 496
95 532
95 565
95 566
95 568
95 833
95 843
95 862
95 899
96 192
96 199
96 265
96 273
96 315
96 317
96 362
96 438
96 567
96 593
96 615
96 630
96 730
96 734
96 818
96 825
96 889
96 895
97 100
97 113
97 238
97 271
97 299
97 425
97 538
97 561
97 757
97 795
98 300
98 304
98 314
98 379
98 394
98 475
98 573
98 622
98 653
98 674
98 679
98 699
98 710
98 727
98 741
98 804
99 144
99 253
99 320
99 376
99 440
99 501
99 577
99 580
99 648
99 659
99 661
99 704
99 708
99 793
99 829
99 844
99 899
100 115
100 134
100 169
100 191
100 198
100 204
100 234
100 417
100 437
100 636
100 691
100 695
100 732
100 763
101 203
101 214
101 285
101 290
101 307
101 312
101 393
101 403
101 454
101 458
101 494
101 525
101 600
101 612
101 621
101 651
101 738
101 740
101 759
101 793
101 797
102 112
102 164
102 245
102 258
102 340
102 350
102 396
102 412
102 551
102 562
102 566
102 608
102 609
102 615
102 620
102 815
102 834
102 854
103 146
103 194
103 251
103 425
103 599
103 722
103 856
103 871
104 150
104 216
104 272
104 277
104 463
104 551
104 575
104 610
104 629
104 658
104 676
104 764
104 782
104 802
104 812
104 880
105 116
105 121
105 151
105 350
105 358
105 399
105 423
105 464
105 489
105 549
105 558
105 560
105 587
105 707
105 747
105 781
105 806
105 873
106 122
106 128
106 131
106 136
106 175
106 199
106 202
106 240
106 273
106 434
106 541
106 565
106 569
106 676
106 731
106 734
106 828
106 841
106 859
106 883
107 136
107 178
107 196
107 314
107 329
107 366
107 442
107 475
107 496
107 559
107 821
107 877
107 891
107 892
108 111
108 126
108 160
108 273
108 364
108 388
108 434
108 457
108 458
108 534
108 580
108 614
108 785
109 122
109 146
109 195
109 202
109 250
109 303
109 310
109 323
109 335
109 336
109 372
109 400
109 612
109 613
109 683
109 870
109 898
110 150
110 176
110 262
110 300
110 352
110 397
110 420
110 424
110 487
110 672
110 742
110 747
110 756
110 844
111 137
111 159
111 285
111 339
111 358
111 394
111 570
111 572
111 658
111 669
111 706
111 741
111 837
112 201
112 301
112 370
112 411
112 419
112 447
112 529
112 533
112 573
112 582
112 600
112 618
112 689
112 728
112 761
112 830
112 838
112 846
112 866
113 119
113 378
113 415
113 463
113 518
113 559
113 562
113 609
113 649
113 689
113 857
114 116
114 132
114 194
114 413
114 461
114 669
114 707
114 729
114 745
114 761
114 786
114 882
115 183
115 193
115 215
115 290
115 298
115 387
115 395
115 405
115 431
115 506
115 534
115 546
115 567
115 583
115 600
115 607
115 616
115 723
116 120
116 138
116 149
116 226
116 259
116 341
116 367
116 420
116 509
116 581
116 606
116 708
116 716
116 733
116 744
116 769
116 784
116 786
116 848
117 136
117 182
117 253
117 307
117 330
117 507
117 561
117 577
117 639
117 701
117 720
117 891
118 121
118 129
118 215
118 238
118 243
118 526
118 601
118 629
118 666
118 684
118 875
118 891
118 894
119 167
119 250
119 279
119 310
119 328
119 330
119 353
119 396
119 502
119 517
119 598
119 706
119 717
119 788
119 791
119 794
119 801
119 806
119 852
120 227
120 238
120 267
120 287
120 312
120 340
120 409
120 543
120 576
120 579
120 622
120 662
120 735
120 776
120 816
120 849
120 861
121 137
121 310
121 379
121 397
121 410
121 427
121 434
121 442
121 461
121 500
121 552
121 563
121 579
121 630
121 712
121 773
121 792
121 805
122 150
122 159
122 162
122 171
122 193
122 279
122 300
122 330
122 359
122 374
122 397
122 412
122 422
122 429
122 489
122 563
122 635
122 714
122 768
122 809
122 814
122 873
123 136
123 181
123 192
123 195
123 208
123 267
123 274
123 289
123 410
123 435
123 451
123 487
123 540
123 605
123 652
123 727
123 773
123 793
124 255
124 285
124 348
124 375
124 599
124 680
124 719
124 731
124 779
124 791
124 814
124 845
124 861
125 134
125 135
125 273
125 369
125 403
125 424
125 460
125 481
125 505
125 526
125 586
125 656
125 674
125 737
125 794
126 147
126 184
126 237
126 369
126 481
126 511
126 526
126 656
126 760
126 766
126 850
126 878
127 160
127 227
127 230
127 238
127 298
127 302
127 331
127 446
127 460
127 492
127 569
127 620
127 749
127 784
127 815
127 832
127 843
128 132
128 171
128 179
128 226
128 228
128 256
128 265
128 316
128 384
128 406
128 419
128 491
128 675
128 741
128 755
128 789
128 802
128 809
128 835
128 847
129 135
129 136
129 172
129 195
129 200
129 340
129 378
129 442
129 470
129 485
129 507
129 532
129 664
129 803
129 817
129 836
130 184
130 261
130 289
130 374
130 527
130 603
130 682
130 727
130 761
130 815
130 820
130 899
131 199
131 209
131 243
131 317
131 337
131 395
131 413
131 414
131 475
131 488
131 608
131 618
131 629
131 672
131 686
131 723
131 796
131 841
132 199
132 209
132 243
132 319
132 371
132 386
132 447
132 454
132 511
132 537
132 539
132 570
132 583
132 587
132 723
133 164
133 291
133 312
133 466
133 528
133 557
133 754
133 758
133 871
133 872
133 886
134 185
134 218
134 299
134 386
134 515
134 540
134 555
134 576
134 751
134 772
135 164
135 191
135 203
135 228
135 287
135 293
135 313
135 323
135 338
135 414
135 505
135 573
135 627
135 671
135 677
135 680
135 681
135 815
136 263
136 292
136 379
136 383
136 409
136 520
136 531
136 561
136 698
136 721
136 784
136 858
137 200
137 552
137 559
137 619
137 667
137 682
137 694
137 833
137 880
138 162
138 196
138 212
138 241
138 302
138 393
138 406
138 425
138 427
138 479
138 507
138 547
138 590
138 640
138 681
138 705
138 732
138 849
138 882
139 140
139 302
139 338
139 352
139 414
139 472
139 478
139 541
139 550
139 614
139 617
139 639
139 685
139 721
139 764
139 787
139 854
139 875
140 170
140 189
140 230
140 264
140 278
140 282
140 288
140 293
140 314
140 316
140 364
140 418
140 442
140 508
140 591
140 643
140 663
140 673
140 690
140 751
140 790
140 819
140 886
140 894
141 369
141 402
141 405
141 457
141 478
141 481
141 483
141 521
141 651
141 735
142 190
142 247
142 323
142 449
142 495
142 497
142 512
142 516
142 615
142 632
142 743
142 837
143 165
143 236
143 287
143 323
143 327
143 403
143 475
143 484
143 503
143 534
143 556
143 596
143 618
143 692
143 778
143 807
143 825
144 147
144 195
144 237
144 342
144 484
144 604
144 608
144 639
144 761
144 767
144 794
144 844
144 853
144 877
144 898
145 156
145 256
145 263
145 270
145 364
145 406
145 441
145 476
145 513
145 577
145 671
145 672
145 678
145 702
145 709
145 747
145 759
145 811
145 814
145 819
145 876
146 254
146 263
146 424
146 445
146 453
146 489
146 544
146 568
146 636
146 681
146 770
146 818
146 820
146 848
146 882
147 163
147 184
147 310
147 425
147 495
147 533
147 605
147 612
147 614
147 700
147 826
147 857
147 878
147 890
148 309
148 351
148 372
148 401
148 403
148 503
148 531
148 542
148 600
148 610
148 621
148 654
148 695
148 703
148 727
148 732
148 747
148 783
148 816
148 825
148 840
148 856
149 164
149 191
149 254
149 342
149 365
149 369
149 425
149 456
149 644
149 663
149 666
149 684
149 726
149 772
149 779
149 872
150 167
150 206
150 245
150 293
150 361
150 422
150 471
150 484
150 648
150 660
150 704
150 730
150 760
150 796
150 818
150 838
150 866
150 886
151 163
151 272
151 285
151 294
151 329
151 383
151 450
151 494
151 497
151 510
151 596
151 653
151 667
151 732
151 834
151 854
151 884
151 898
152 195
152 244
152 256
152 357
152 477
152 660
152 668
152 767
152 777
152 799
152 825
152 887
152 899
153 235
153 255
153 286
153 288
153 292
153 313
153 428
153 528
153 584
153 587
153 593
153 619
153 715
153 809
153 821
153 845
153 897
154 243
154 256
154 414
154 513
154 525
154 552
154 589
154 727
154 728
155 176
155 319
155 364
155 417
155 431
155 440
155 504
155 562
155 642
155 717
155 790
155 804
155 865
156 207
156 258
156 320
156 404
156 447
156 646
156 649
156 774
156 897
157 158
157 304
157 308
157 349
157 496
157 540
157 588
157 870
157 894
158 183
158 224
158 262
158 359
158 367
158 371
158 401
158 409
158 555
158 605
158 711
158 800
158 817
159 170
159 203
159 271
159 391
159 392
159 412
159 414
159 428
159 433
159 440
159 523
159 601
159 630
159 707
159 710
159 749
159 765
159 767
159 783
159 791
159 804
159 816
159 858
159 889
160 263
160 272
160 274
160 294
160 458
160 558
160 603
160 633
160 676
160 692
160 700
160 760
160 762
160 770
161 199
161 205
161 263
161 375
161 512
161 575
161 592
161 818
161 828
161 892
162 191
162 210
162 225
162 234
162 295
162 336
162 454
162 592
162 606
162 616
162 652
162 700
162 786
162 790
163 167
163 259
163 281
163 296
163 305
163 377
163 457
163 462
163 525
163 595
163 676
163 692
163 745
164 207
164 267
164 318
164 343
164 346
164 383
164 510
164 541
164 599
164 623
164 671
164 749
164 773
164 793
164 813
165 188
165 199
165 252
165 272
165 412
165 421
165 474
165 572
165 586
165 589
165 702
165 778
165 797
165 862
166 226
166 268
166 336
166 354
166 399
166 400
166 417
166 443
166 466
166 525
166 581
166 586
166 793
166 802
167 171
167 221
167 280
167 320
167 344
167 348
167 395
167 414
167 420
167 463
167 470
167 547
167 573
167 736
167 859
168 199
168 223
168 251
168 272
168 418
168 440
168 575
168 617
168 670
168 743
168 752
168 860
168 896
169 196
169 235
169 275
169 306
169 309
169 330
169 354
169 390
169 430
169 472
169 564
169 599
169 602
169 652
169 680
169 732
169 754
169 796
169 814
169 842
169 863
170 287
170 333
170 375
170 410
170 421
170 457
170 469
170 491
170 547
170 626
170 684
170 754
170 768
170 797
170 813
170 817
170 838
170 847
170 883
170 898
171 176
171 222
171 236
171 449
171 481
171 520
171 651
171 762
171 781
171 798
171 809
171 832
172 333
172 458
172 467
172 517
172 567
172 578
172 737
172 750
172 776
172 809
172 875
173 321
173 324
173 360
173 371
173 508
173 520
173 521
173 550
173 614
173 644
173 645
173 695
173 709
173 763
173 771
173 827
173 842
173 848
173 885
173 891
174 211
174 228
174 258
174 263
174 305
174 326
174 369
174 392
174 413
174 465
174 482
174 701
174 850
174 854
175 338
175 355
175 368
175 453
175 497
175 571
175 586
175 591
175 609
175 667
175 795
175 812
175 840
175 844
175 861
176 214
176 251
176 367
176 475
176 487
176 539
176 597
176 612
176 704
176 718
176 766
176 793
177 179
177 189
177 192
177 403
177 406
177 489
177 507
177 583
177 640
177 648
177 755
177 881
178 193
178 215
178 278
178 321
178 359
178 503
178 512
178 585
178 620
178 648
178 867
178 875
179 296
179 352
179 428
179 496
179 500
179 550
179 582
179 636
179 696
179 729
179 753
179 782
179 837
179 898
180 182
180 186
180 280
180 480
180 487
180 562
180 580
180 632
180 645
180 737
180 793
180 858
180 861
181 218
181 338
181 355
181 440
181 464
181 575
181 577
181 582
181 587
181 616
181 656
181 679
181 733
181 751
181 798
181 826
181 893
181 896
182 254
182 256
182 265
182 280
182 295
182 307
182 376
182 425
182 442
182 446
182 466
182 474
182 562
182 722
182 744
182 799
183 204
183 282
183 306
183 321
183 354
183 387
183 434
183 452
183 584
183 732
183 783
183 794
183 823
183 848
183 883
184 204
184 406
184 452
184 516
184 554
184 591
184 600
184 636
184 646
184 683
184 718
184 738
184 835
184 862
184 873
184 888
185 201
185 282
185 288
185 395
185 426
185 524
185 696
185 700
185 848
185 878
186 221
186 263
186 319
186 338
186 370
186 383
186 389
186 427
186 613
186 634
186 705
186 713
186 757
186 836
187 218
187 220
187 236
187 290
187 356
187 375
187 454
187 490
187 664
187 721
187 772
187 811
187 834
187 875
188 205
188 327
188 328
188 336
188 403
188 692
188 702
188 785
188 871
188 890
188 895
189 192
189 235
189 237
189 478
189 546
189 625
189 645
189 657
189 782
189 845
189 892
190 337
190 399
190 556
190 558
190 563
190 592
190 611
190 696
190 747
190 750
190 820
191 201
191 311
191 334
191 359
191 527
191 540
191 563
191 566
191 674
191 688
191 708
191 745
191 762
191 790
192 212
192 239
192 380
192 413
192 429
192 449
192 465
192 478
192 532
192 555
192 590
192 753
192 793
192 825
192 873
193 208
193 214
193 287
193 343
193 447
193 453
193 470
193 506
193 645
193 678
193 718
193 748
193 762
193 830
193 880
193 883
194 285
194 308
194 370
194 394
194 440
194 507
194 558
194 689
194 839
194 842
194 875
195 290
195 305
195 324
195 390
195 392
195 416
195 421
195 457
195 533
195 649
195 709
195 728
195 771
195 776
195 850
195 861
196 308
196 334
196 415
196 473
196 487
196 597
196 628
196 709
196 799
197 210
197 272
197 289
197 403
197 430
197 468
197 510
197 573
197 627
197 632
197 715
197 728
197 742
197 808
197 818
197 897
198 206
198 335
198 369
198 384
198 412
198 619
198 641
198 772
198 819
198 843
198 853
198 859
199 327
199 331
199 343
199 347
199 419
199 425
199 427
199 489
199 491
199 539
199 565
199 606
199 638
199 641
199 739
199 782
199 785
199 857
200 232
200 234
200 275
200 308
200 326
200 445
200 510
200 555
200 581
200 641
200 656
200 682
200 775
200 807
200 815
200 837
201 293
201 344
201 451
201 538
201 579
201 630
201 683
201 693
201 733
201 790
201 887
201 894
202 330
202 406
202 426
202 433
202 443
202 615
202 631
202 764
202 808
202 809
202 870
202 897
203 245
203 252
203 382
203 384
203 532
203 609
203 617
203 631
203 662
203 684
203 700
203 710
203 732
203 870
204 243
204 387
204 426
204 432
204 436
204 489
204 600
204 619
204 647
204 651
204 741
204 845
205 217
205 389
205 447
205 497
205 564
205 588
205 672
205 748
206 226
206 254
206 278
206 357
206 360
206 487
206 491
206 604
206 615
206 634
206 644
206 673
206 772
206 796
206 815
207 220
207 245
207 332
207 416
207 451
207 485
207 497
207 521
207 565
207 585
207 590
207 635
207 639
207 746
207 755
207 833
207 848
208 220
208 270
208 283
208 369
208 376
208 419
208 546
208 570
208 656
208 666
208 731
208 748
208 751
208 895
209 215
209 216
209 258
209 344
209 411
209 466
209 473
209 486
209 557
209 635
209 675
209 684
209 721
209 798
210 240
210 390
210 473
210 501
210 519
210 603
210 649
210 673
210 703
210 714
210 750
210 781
210 805
210 822
210 842
211 287
211 345
211 363
211 369
211 413
211 474
211 494
211 528
211 705
211 731
211 773
211 849
211 885
211 898
212 236
212 275
212 298
212 451
212 564
212 585
212 595
212 621
212 652
212 680
212 698
212 812
212 822
212 873
213 268
213 278
213 757
213 856
213 882
214 221
214 233
214 365
214 396
214 448
214 576
214 623
214 634
214 712
214 715
214 716
214 733
214 752
214 785
214 811
214 816
214 837
214 866
215 223
215 289
215 377
215 400
215 445
215 497
215 524
215 589
215 626
215 786
215 833
216 275
216 328
216 531
216 613
216 708
216 718
216 743
216 809
216 823
217 225
217 361
217 391
217 419
217 445
217 487
217 507
217 536
217 548
217 562
217 592
217 624
217 639
217 689
217 705
217 721
217 730
217 829
217 833
218 266
218 357
218 366
218 383
218 406
218 419
218 497
218 574
218 640
218 689
218 710
218 759
219 229
219 263
219 279
219 349
219 397
219 426
219 443
219 550
219 553
219 599
219 604
219 647
219 648
219 739
219 800
220 275
220 294
220 421
220 489
220 496
220 561
220 602
220 649
220 701
220 756
220 833
220 839
221 374
221 450
221 525
221 527
221 538
221 543
221 626
221 677
221 682
221 719
221 744
221 898
222 311
222 387
222 441
222 450
222 458
222 512
222 529
222 535
222 563
222 583
222 585
222 634
222 668
222 680
222 681
222 694
222 723
222 753
222 817
222 844
223 224
223 347
223 356
223 374
223 504
223 528
223 579
223 622
223 673
223 720
223 725
223 769
223 847
223 877
224 249
224 280
224 530
224 534
224 558
224 601
224 691
224 724
224 728
224 828
224 854
224 876
225 251
225 349
225 442
225 453
225 462
225 519
225 527
225 547
225 609
225 632
225 641
225 817
225 846
226 288
226 374
226 395
226 421
226 480
226 486
226 534
226 611
226 612
226 620
226 673
226 819
226 833
227 287
227 313
227 352
227 436
227 478
227 549
227 681
227 683
227 721
227 733
227 877
228 258
228 266
228 283
228 294
228 304
228 325
228 326
228 497
228 568
228 609
228 613
228 668
228 804
228 850
228 851
228 856
229 258
229 268
229 603
229 638
229 675
229 683
229 725
229 739
229 757
229 786
229 871
229 898
230 354
230 404
230 420
230 441
230 442
230 506
230 515
230 518
230 540
230 582
230 597
230 601
230 654
230 701
230 760
230 777
230 813
230 823
230 893
231 280
231 283
231 294
231 308
231 314
231 562
231 645
231 671
231 712
231 792
231 823
231 858
231 861
232 245
232 315
232 596
232 869
233 407
233 474
233 538
233 566
233 814
234 261
234 336
234 377
234 461
234 578
234 589
234 625
234 640
234 705
234 737
234 738
234 813
234 824
234 876
235 275
235 325
235 342
235 356
235 358
235 445
235 497
235 527
235 733
235 736
235 741
235 785
235 846
236 258
236 265
236 436
236 438
236 543
236 591
236 616
236 635
236 662
236 691
236 758
236 779
236 886
237 282
237 330
237 383
237 406
237 451
237 572
237 602
237 611
237 613
237 673
237 738
237 740
237 756
237 789
237 843
237 848
237 867
238 262
238 332
238 353
238 412
238 498
238 508
238 588
238 625
238 704
238 709
238 747
238 832
238 885
239 309
239 341
239 435
239 450
239 593
239 658
239 665
239 679
239 704
239 718
239 810
239 815
239 832
239 852
239 871
240 318
240 373
240 397
240 420
240 500
240 635
240 758
240 769
240 777
240 896
240 898
241 271
241 383
241 401
241 406
241 427
241 433
241 441
241 469
241 503
241 570
241 579
241 597
241 855
242 292
242 297
242 320
242 330
242 416
242 440
242 522
242 569
242 676
242 697
242 698
242 734
242 742
242 785
242 863
242 869
243 256
243 261
243 304
243 414
243 460
243 481
243 576
243 590
243 673
243 724
243 751
243 785
243 795
243 842
243 874
244 288
244 300
244 342
244 350
244 403
244 478
244 484
244 574
244 575
244 619
244 620
244 631
244 800
244 858
244 893
245 343
245 361
245 363
245 378
245 407
245 450
245 469
245 477
245 490
245 562
245 572
245 580
245 607
245 661
245 712
245 807
245 878
246 257
246 368
246 379
246 395
246 497
246 657
246 783
246 813
246 884
247 274
247 403
247 485
247 486
247 514
247 569
247 653
247 670
247 687
247 763
247 764
247 780
247 805
247 823
247 834
247 871
248 315
248 354
248 374
248 378
248 395
248 425
248 483
248 496
248 589
248 601
248 643
248 675
248 777
248 790
248 807
248 899
249 292
249 305
249 362
249 374
249 390
249 481
249 573
249 588
249 596
249 708
249 720
249 800
249 804
249 816
249 823
249 850
250 295
250 311
250 321
250 334
250 432
250 499
250 666
250 742
250 794
250 839
250 840
250 863
251 265
251 290
251 338
251 418
251 457
251 479
251 525
251 551
251 654
251 657
251 807
252 264
252 265
252 321
252 326
252 670
252 691
252 735
252 759
252 764
252 769
252 795
252 838
252 889
252 895
253 379
253 409
253 415
253 420
253 426
253 437
253 463
253 548
253 557
253 641
253 767
253 862
253 898
254 509
254 510
254 706
254 796
254 827
254 830
254 833
254 874
255 328
255 382
255 435
255 443
255 444
255 503
255 539
255 547
255 549
255 597
255 662
255 787
255 822
255 866
256 424
256 543
256 553
256 595
256 607
256 613
256 654
256 699
257 450
257 482
257 502
257 523
257 547
257 551
257 692
257 737
257 799
257 829
257 846
258 330
258 378
258 388
258 621
258 703
258 717
258 727
258 786
258 846
258 852
258 898
259 346
259 389
259 445
259 544
259 636
259 773
259 821
259 867
259 893
260 448
260 513
260 518
260 577
260 613
260 634
260 660
260 684
260 719
260 744
260 769
260 833
260 844
260 891
261 300
261 322
261 366
261 367
261 403
261 420
261 427
261 533
261 579
261 581
261 610
261 613
261 640
261 660
262 463
262 482
262 542
262 580
262 598
262 606
262 634
262 718
262 745
262 749
262 807
263 407
263 465
263 536
263 551
263 597
263 599
263 606
263 628
263 660
263 664
263 671
263 724
263 739
263 781
263 823
263 840
263 899
264 307
264 310
264 340
264 379
264 427
264 428
264 641
264 666
264 729
264 759
264 765
264 778
264 813
264 831
264 863
264 878
265 322
265 327
265 355
265 548
265 579
265 595
265 683
265 791
265 849
265 852
265 879
265 880
265 890
266 280
266 315
266 317
266 403
266 404
266 413
266 422
266 459
266 464
266 477
266 506
266 513
266 519
266 531
266 547
266 578
266 816
267 348
267 388
267 404
267 407
267 532
267 545
267 563
267 691
267 725
267 742
267 805
267 820
268 454
268 491
268 494
268 567
268 618
268 630
268 690
268 701
268 730
268 766
268 772
268 865
269 305
269 471
269 483
269 652
269 680
269 780
269 794
269 803
269 816
270 336
270 386
270 462
270 616
270 675
270 702
270 736
270 756
270 786
270 799
270 817
270 846
270 878
270 896
271 329
271 361
271 369
271 378
271 399
271 479
271 507
271 554
271 566
271 591
271 635
271 723
271 725
271 728
271 792
271 836
271 860
271 885
272 316
272 373
272 422
272 425
272 437
272 484
272 673
272 705
272 746
272 780
272 781
272 782
272 801
272 829
272 871
272 896
273 275
273 348
273 354
273 422
273 491
273 545
273 552
273 605
273 671
273 727
273 781
273 802
273 893
274 295
274 343
274 407
274 444
274 448
274 469
274 513
274 576
274 627
274 640
274 693
274 754
274 810
275 372
275 376
275 530
275 545
275 611
275 631
275 683
275 690
275 695
275 766
275 776
275 820
275 831
275 858
276 294
276 478
276 493
276 503
276 519
276 584
276 622
276 695
276 793
276 808
276 883
276 885
277 286
277 303
277 348
277 369
277 386
277 445
277 472
277 503
277 505
277 619
277 663
277 741
277 802
277 805
277 829
277 837
277 875
277 898
278 329
278 345
278 355
278 394
278 539
278 635
278 702
278 742
278 767
278 863
279 350
279 378
279 398
279 413
279 421
279 468
279 566
279 575
279 618
279 670
279 719
279 740
279 748
279 778
279 790
280 345
280 419
280 439
280 447
280 461
280 466
280 469
280 484
280 531
280 561
280 642
280 652
280 658
280 691
280 781
280 798
280 799
280 821
280 836
280 852
281 282
281 330
281 347
281 406
281 419
281 516
281 553
281 634
281 655
281 656
281 683
281 715
281 779
281 829
281 846
282 317
282 350
282 487
282 521
282 533
282 562
282 600
282 721
283 415
283 698
283 708
283 722
283 824
283 828
284 466
284 469
284 535
284 552
284 557
284 643
284 741
284 769
284 796
284 836
285 307
285 335
285 337
285 358
285 400
285 409
285 482
285 542
285 544
285 554
285 815
286 334
286 351
286 381
286 393
286 424
286 458
286 507
286 509
286 530
286 542
286 790
286 798
286 883
287 303
287 304
287 335
287 399
287 509
287 615
287 642
287 662
287 671
287 682
287 744
288 334
288 368
288 412
288 480
288 510
288 516
288 572
288 590
288 635
288 702
288 774
288 804
288 870
289 296
289 297
289 342
289 370
289 383
289 444
289 458
289 466
289 492
289 495
289 811
289 838
289 842
289 858
289 861
290 291
290 295
290 328
290 459
290 498
290 519
290 544
290 582
290 720
290 741
290 774
291 323
291 338
291 449
291 458
291 516
291 558
291 566
291 643
291 730
291 803
291 822
291 844
292 311
292 454
292 502
292 533
292 588
292 589
292 629
292 668
292 670
292 727
292 761
292 835
293 328
293 374
293 457
293 493
293 498
293 502
293 626
293 637
293 657
293 677
293 729
293 736
293 829
294 301
294 308
294 372
294 413
294 449
294 473
294 504
294 524
294 533
294 549
294 557
294 566
294 578
294 682
294 694
294 703
294 758
294 839
294 853
294 874
295 342
295 352
295 464
295 488
295 527
295 539
295 550
295 569
295 574
295 581
295 652
295 692
295 841
295 858
296 304
296 318
296 374
296 391
296 501
296 515
296 526
296 568
296 630
296 695
296 811
296 836
296 872
297 303
297 325
297 329
297 339
297 404
297 429
297 518
297 555
297 564
297 583
297 584
297 590
297 597
297 629
297 662
297 714
297 729
297 732
297 873
298 383
298 402
298 415
298 552
298 605
298 609
298 613
298 651
298 746
298 825
298 843
299 335
299 415
299 450
299 478
299 575
299 621
299 627
299 698
299 741
299 745
299 804
300 433
300 468
300 491
300 512
300 514
300 641
300 684
300 685
300 702
300 785
301 311
301 361
301 402
301 456
301 489
301 592
301 621
301 668
301 703
301 861
302 330
302 393
302 432
302 618
302 632
302 636
302 648
302 687
302 706
302 766
302 833
303 311
303 346
303 354
303 420
303 472
303 603
303 663
303 707
303 710
303 738
303 772
303 805
303 811
303 843
303 886
304 347
304 379
304 406
304 520
304 547
304 609
304 702
304 742
304 750
304 809
304 811
305 357
305 449
305 524
305 530
305 648
305 694
305 727
305 748
305 861
306 387
306 414
306 426
306 427
306 441
306 564
306 713
306 744
306 791
306 840
306 847
306 878
307 328
307 345
307 356
307 535
307 682
307 690
307 879
307 883
308 415
308 446
308 481
308 529
308 563
308 574
308 612
308 641
308 651
308 715
308 738
308 899
309 357
309 385
309 445
309 492
309 498
309 616
309 635
309 698
309 703
309 769
309 836
309 846
309 848
309 854
309 860
309 873
310 514
310 564
310 617
310 669
310 779
310 787
310 801
310 817
311 315
311 376
311 404
311 541
311 610
311 690
311 734
311 791
311 853
311 890
312 335
312 364
312 437
312 532
312 616
312 640
312 651
312 727
312 734
312 765
312 774
313 368
313 441
313 491
313 498
313 650
313 719
313 760
313 785
313 850
313 868
313 895
314 331
314 391
314 469
314 489
314 591
314 594
314 609
314 618
314 731
314 765
314 865
315 374
315 385
315 397
315 504
315 522
315 524
315 605
315 656
315 780
315 821
316 359
316 527
316 644
316 668
316 710
316 712
316 764
316 807
316 842
316 857
316 897
317 381
317 432
317 475
317 493
317 781
318 633
318 700
318 729
318 740
319 468
319 485
319 566
319 621
319 675
319 683
319 719
319 783
319 822
319 837
319 839
319 853
319 897
320 344
320 348
320 385
320 414
320 446
320 470
320 487
320 541
320 563
320 645
320 648
320 651
320 667
320 731
320 797
321 335
321 336
321 348
321 423
321 433
321 534
321 556
321 576
321 634
321 667
321 681
321 711
321 733
321 779
321 799
322 330
322 383
322 536
322 580
322 582
322 591
322 625
322 727
322 783
322 832
322 841
322 868
323 429
323 487
323 577
323 584
323 649
323 653
323 685
323 736
323 822
323 853
323 874
323 898
324 404
324 432
324 453
324 490
324 525
324 527
324 577
324 601
324 667
324 689
324 774
324 796
324 801
324 843
324 879
325 360
325 371
325 379
325 396
325 406
325 411
325 451
325 537
325 577
325 621
325 698
325 721
325 858
326 418
326 440
326 487
326 492
326 499
326 653
326 678
326 713
326 741
326 747
326 762
326 768
326 786
326 827
327 437
327 546
327 705
327 727
327 829
328 404
328 415
328 602
328 628
328 686
328 785
328 818
328 833
328 867
329 331
329 411
329 467
329 540
329 679
329 695
329 728
329 849
329 878
330 367
330 386
330 496
330 647
330 670
330 769
330 779
330 781
331 358
331 472
331 519
331 582
331 666
331 671
331 723
331 734
331 815
332 397
332 407
332 467
332 562
332 687
332 689
332 759
332 760
332 780
332 846
332 851
332 877
333 379
333 402
333 413
333 425
333 458
333 525
333 527
333 529
333 550
333 551
333 642
333 657
333 691
333 762
333 769
333 821
333 858
333 896
333 898
334 387
334 397
334 413
334 423
334 536
334 570
334 645
334 814
334 899
335 354
335 398
335 509
335 601
335 620
335 653
335 714
335 755
335 756
335 832
335 872
335 898
336 382
336 390
336 405
336 429
336 506
336 515
336 528
336 596
336 611
336 647
336 661
336 690
336 724
336 733
336 784
336 808
336 841
336 871
337 358
337 372
337 393
337 485
337 493
337 583
337 626
337 648
337 675
337 716
337 767
337 865
338 400
338 411
338 473
338 489
338 580
338 637
338 683
338 723
338 758
338 865
338 885
339 352
339 355
339 386
339 418
339 426
339 439
339 440
339 448
339 466
339 512
339 545
339 546
339 550
339 569
339 745
339 764
339 804
340 394
340 475
340 476
340 569
340 579
340 663
340 753
340 768
340 844
340 893
341 348
341 435
341 439
341 589
341 624
341 635
341 783
341 851
342 365
342 394
342 427
342 439
342 517
342 538
342 616
342 654
342 821
343 368
343 443
343 445
343 499
343 528
343 530
343 584
343 617
343 649
343 669
343 762
343 775
343 787
343 792
343 813
343 890
344 370
344 393
344 442
344 451
344 494
344 628
344 672
344 761
344 840
344 856
345 379
345 526
345 543
345 622
345 630
345 644
345 661
345 669
345 709
345 737
345 783
345 871
346 363
346 596
346 597
346 622
346 688
346 711
346 725
346 727
346 785
346 798
347 560
347 581
347 589
347 647
347 855
348 357
348 514
348 589
348 590
348 612
348 623
348 635
348 653
348 659
348 668
348 734
348 756
349 374
349 383
349 540
349 559
349 705
349 711
349 751
349 769
349 800
349 813
349 844
349 853
349 880
350 467
350 539
350 685
350 693
350 695
350 762
350 795
350 898
351 353
351 399
351 424
351 441
351 446
351 531
351 544
351 611
351 657
351 779
352 361
352 410
352 447
352 475
352 509
352 518
352 579
352 636
352 669
352 737
352 777
352 785
352 869
352 884
353 374
353 549
353 569
353 581
353 696
353 707
353 780
353 815
353 823
353 876
354 433
354 466
354 512
354 614
354 668
354 686
354 775
354 797
354 851
354 868
355 404
355 469
355 477
355 512
355 541
355 621
355 680
355 719
355 802
355 831
356 391
356 450
356 533
356 651
356 668
356 687
356 718
356 724
356 740
356 757
356 776
356 825
356 832
357 379
357 511
357 596
357 637
357 639
357 670
357 754
358 436
358 518
358 556
358 616
358 718
358 781
358 807
358 819
358 824
358 836
359 408
359 424
359 429
359 458
359 468
359 508
359 521
359 536
359 540
359 577
359 597
359 653
359 701
359 799
359 849
359 878
359 880
360 369
360 463
360 510
360 660
360 664
360 762
360 792
360 848
360 852
361 380
361 430
361 507
361 517
361 572
361 690
361 734
361 784
362 417
362 429
362 465
362 515
362 538
362 629
362 633
362 636
362 641
362 649
362 653
362 828
362 873
363 381
363 390
363 434
363 438
363 504
363 734
363 755
363 837
364 369
364 416
364 422
364 451
364 453
364 503
364 554
364 563
364 581
364 634
364 665
364 675
364 751
364 786
364 811
364 827
364 848
365 377
365 413
365 463
365 769
365 770
365 788
365 853
365 871
366 380
366 485
366 547
366 732
366 815
366 837
366 868
367 393
367 466
367 512
367 527
367 563
367 580
367 652
367 688
367 707
367 865
367 893
368 420
368 458
368 549
368 560
368 641
368 655
368 656
368 707
368 737
368 814
368 847
368 876
368 884
368 889
369 509
369 552
369 611
369 708
369 750
369 799
369 809
369 839
369 849
369 852
370 431
370 433
370 441
370 448
370 467
370 528
370 593
370 599
370 646
370 660
370 663
370 677
370 696
370 750
370 826
370 845
370 894
371 472
371 590
371 635
371 751
371 772
371 886
371 894
372 481
372 517
372 552
372 623
372 670
372 680
372 699
372 818
372 819
372 845
373 413
373 420
373 647
373 650
373 653
373 682
373 707
373 762
373 809
373 858
373 873
373 890
374 434
374 465
374 516
374 524
374 528
374 570
374 793
374 847
374 874
375 419
375 429
375 467
375 517
375 551
375 577
375 592
375 636
375 713
375 729
375 736
375 746
375 802
375 817
375 875
376 487
376 529
376 609
376 671
376 793
376 829
376 881
377 384
377 470
377 510
377 527
377 553
377 684
377 725
377 792
377 855
377 856
378 410
378 423
378 448
378 457
378 533
378 537
378 557
378 700
378 734
378 735
378 841
378 897
379 394
379 419
379 440
379 486
379 529
379 546
379 564
379 654
379 723
379 745
379 802
379 866
380 412
380 445
380 490
380 627
380 644
380 696
380 746
380 768
380 769
380 820
380 884
381 426
381 455
381 459
381 615
381 618
381 696
381 717
381 728
381 748
381 751
381 753
381 844
382 397
382 406
382 458
382 484
382 504
382 611
382 674
382 755
382 826
382 830
382 854
383 403
383 422
383 428
383 462
383 590
383 595
383 610
383 634
383 641
383 823
384 431
384 523
384 553
384 558
384 639
384 648
384 753
384 773
384 775
384 893
385 402
385 471
385 541
385 542
385 559
385 632
385 677
385 703
385 750
385 795
385 807
385 826
385 854
386 387
386 405
386 407
386 556
386 558
386 579
386 583
386 832
386 859
386 898
387 425
387 604
387 611
387 650
387 705
387 736
387 870
388 424
388 457
388 471
388 481
388 571
388 667
388 843
389 470
389 599
389 710
389 781
389 809
389 854
389 859
390 464
390 492
390 496
390 522
390 543
390 713
390 735
390 736
390 769
391 440
391 520
391 551
391 567
391 585
391 658
391 674
391 741
391 777
391 797
391 803
391 809
391 853
391 869
391 887
392 509
392 569
392 877
393 525
393 568
393 570
393 643
393 683
394 462
394 481
394 584
394 662
394 774
394 778
394 784
394 884
395 425
395 581
395 677
395 681
395 711
395 790
395 806
395 885
395 894
396 460
396 493
396 518
396 558
396 563
396 648
396 649
396 655
396 696
396 723
396 764
396 792
396 795
396 833
396 883
397 526
397 673
397 694
397 746
397 782
398 523
398 562
398 583
398 588
398 610
398 868
398 873
398 892
399 442
399 533
399 567
399 572
399 591
399 609
399 643
399 658
399 682
399 701
399 749
399 793
399 888
400 412
400 413
400 442
400 453
400 488
400 494
400 535
400 621
400 634
400 714
400 728
400 806
400 845
400 873
400 889
401 446
401 482
401 507
401 544
401 618
401 625
401 650
401 670
401 744
401 784
401 787
401 851
401 856
401 890
402 451
402 466
402 484
402 527
402 578
402 586
402 677
402 685
402 745
402 795
402 850
402 882
403 422
403 517
403 576
403 577
403 594
403 597
403 641
403 692
403 694
403 696
403 700
403 800
403 863
404 470
404 500
404 548
404 554
404 628
404 726
404 768
404 834
404 838
404 847
404 857
404 860
404 879
405 465
405 600
405 613
405 720
405 757
405 793
405 888
406 424
406 584
406 621
406 635
406 704
406 761
407 426
407 490
407 518
407 524
407 574
407 598
407 661
407 683
407 689
407 718
407 719
407 818
407 853
407 867
408 433
408 442
408 472
408 497
408 504
408 558
408 563
408 608
408 702
408 714
408 800
409 474
409 481
409 488
409 579
409 612
409 657
409 758
409 823
409 860
410 467
410 522
410 625
410 642
410 704
410 727
410 753
410 754
410 789
411 414
411 485
411 531
411 554
411 652
411 716
411 730
411 775
411 818
411 851
411 861
412 435
412 465
412 499
412 573
412 616
412 689
412 699
412 724
412 769
412 770
412 780
412 787
412 797
412 811
412 826
413 526
413 532
413 721
413 832
414 449
414 493
414 499
414 516
414 545
414 572
414 619
414 703
414 706
414 789
414 810
415 539
415 562
415 563
415 592
415 631
415 644
415 648
415 668
415 774
416 421
416 439
416 451
416 470
416 615
416 751
416 760
416 830
416 876
417 444
417 489
417 499
417 502
417 555
417 589
417 645
417 647
417 681
417 731
417 809
417 874
418 573
418 611
418 626
418 645
418 742
418 750
418 764
418 783
418 825
418 886
419 461
419 506
419 546
419 632
419 659
419 668
419 806
419 812
419 849
419 865
420 444
420 547
420 557
420 562
420 569
420 591
420 639
420 804
420 827
420 834
421 535
421 564
421 828
421 851
422 482
422 603
422 618
422 619
422 723
423 462
423 544
423 591
423 592
423 612
423 741
423 755
423 848
423 857
423 867
424 433
424 498
424 561
424 573
424 694
424 714
424 760
424 795
424 837
424 850
424 851
424 856
425 549
425 708
425 779
425 788
425 817
425 847
425 882
425 885
426 489
426 515
426 522
426 574
426 612
426 810
426 836
427 492
427 623
427 625
427 641
427 718
427 836
427 892
428 435
428 446
428 551
428 661
428 673
428 677
428 739
428 745
428 757
428 855
429 435
429 508
429 509
429 533
429 700
429 803
429 849
429 865
429 893
430 452
430 456
430 458
430 468
430 582
430 592
430 645
430 721
430 759
431 433
431 513
431 654
431 659
431 680
431 732
431 771
431 793
431 882
432 459
432 522
432 556
432 621
432 624
432 645
432 690
432 721
432 792
432 796
433 561
433 577
433 653
433 752
433 757
433 837
433 855
434 458
434 525
434 540
434 544
434 623
434 626
434 693
434 703
434 745
434 772
434 776
435 445
435 447
435 487
435 527
435 545
435 796
435 799
435 891
436 463
436 470
436 498
436 561
436 580
436 637
436 660
436 664
436 784
436 833
436 884
436 890
436 895
437 457
437 526
437 549
437 561
437 660
437 678
437 734
437 791
437 820
437 844
438 448
438 469
438 490
438 520
438 525
438 584
438 724
438 759
438 760
438 766
438 774
438 776
439 463
439 468
439 471
439 599
439 636
439 719
439 804
439 810
439 826
439 854
439 878
439 895
440 485
440 513
440 529
440 551
440 554
440 570
440 590
440 612
440 705
440 792
440 805
440 816
441 446
441 519
441 569
441 613
441 617
441 655
441 761
441 794
441 805
442 507
442 524
442 526
442 533
442 538
442 544
442 552
442 628
442 657
442 716
442 769
442 780
442 804
442 812
442 841
442 862
442 878
442 886
443 616
443 696
443 786
443 845
444 489
444 500
444 501
444 506
444 557
444 565
444 656
444 664
444 692
444 729
444 870
444 879
445 452
445 491
445 513
445 726
445 774
446 448
446 539
446 646
446 663
446 684
446 807
446 812
446 844
446 895
447 496
447 540
447 579
447 596
447 647
447 661
447 695
447 739
447 760
447 766
447 819
447 820
448 508
448 534
448 617
448 645
448 694
448 770
449 455
449 505
449 523
449 585
449 598
449 606
449 707
449 746
449 802
449 893
450 458
450 459
450 508
450 552
450 703
450 719
450 730
450 851
451 481
451 485
451 488
451 499
451 564
451 587
451 712
451 797
451 861
451 878
451 899
452 460
452 515
452 529
452 554
452 560
452 667
452 722
452 737
452 747
452 799
452 804
453 473
453 573
453 698
453 741
453 750
453 830
454 455
454 478
454 480
454 490
454 510
454 565
454 714
454 716
454 741
454 752
454 775
455 456
455 497
455 543
455 624
455 631
455 649
455 698
455 710
455 816
456 570
456 618
456 623
456 634
456 682
456 688
456 699
456 729
456 735
456 816
456 833
457 512
457 612
457 653
457 711
457 720
457 761
457 783
457 853
457 892
458 526
458 563
458 590
458 594
458 596
458 755
458 814
458 820
458 844
458 878
458 889
459 507
459 542
459 547
459 557
459 563
459 603
459 758
459 784
459 835
460 541
460 609
460 613
460 642
460 713
460 869
461 608
461 658
461 679
461 753
461 756
461 786
461 790
461 798
462 541
462 581
462 780
462 890
463 514
463 560
463 574
463 588
463 593
463 613
463 636
463 764
463 799
464 536
464 573
464 586
464 697
464 732
464 831
465 474
465 476
465 535
465 555
465 579
465 607
465 615
465 701
465 762
465 800
465 840
465 873
466 504
466 515
466 529
466 564
466 642
466 728
466 786
466 820
466 821
466 847
466 874
466 884
467 533
467 583
467 584
467 671
467 806
467 817
468 491
468 507
468 538
468 552
468 630
468 644
468 666
468 675
468 711
468 748
468 857
469 626
469 627
469 648
469 740
469 780
469 785
469 851
469 861
470 488
470 613
470 636
470 702
470 717
470 731
470 765
470 766
470 834
470 849
470 877
471 479
471 516
471 561
471 565
471 675
471 700
471 759
471 778
471 812
471 816
471 818
471 843
471 865
472 534
472 558
472 587
472 596
472 747
472 782
472 840
472 893
473 537
473 675
473 689
473 794
473 860
473 890
474 562
474 567
474 643
474 719
474 727
474 759
474 815
474 851
475 520
475 529
475 533
475 590
475 670
475 690
475 722
476 558
476 561
476 800
476 840
476 846
476 880
477 490
477 593
477 753
478 485
478 494
478 513
478 561
478 602
478 606
478 616
478 754
478 785
478 788
478 820
478 856
479 540
479 543
479 552
479 612
479 658
479 670
479 740
479 741
479 753
479 776
479 807
479 899
480 549
480 574
480 598
480 616
480 634
480 691
480 716
480 757
480 775
480 786
480 836
480 880
480 888
481 498
481 509
481 587
481 591
481 692
481 728
481 781
481 792
481 824
481 833
481 863
482 519
482 525
482 660
482 688
482 697
482 734
482 762
482 796
483 494
483 593
483 740
483 761
483 810
483 823
483 867
483 877
483 895
484 498
484 719
484 752
484 772
484 798
484 836
484 899
485 515
485 605
485 635
485 712
485 727
485 762
485 777
485 787
485 806
485 876
486 493
486 572
486 573
486 579
486 588
486 674
486 704
486 802
487 497
487 530
487 624
487 693
487 728
487 769
487 830
487 863
487 866
488 631
488 648
488 675
488 802
488 837
489 540
489 595
489 634
489 645
489 706
489 755
489 760
489 847
490 495
490 499
490 507
490 546
490 548
490 879
491 502
491 594
491 657
491 670
491 678
491 702
491 711
491 712
491 755
491 802
491 844
491 869
492 539
492 640
492 641
492 819
493 504
493 535
493 632
493 703
493 727
493 746
493 752
493 869
494 587
494 703
494 795
494 884
495 515
495 520
495 525
495 606
495 644
495 655
495 668
495 747
495 782
495 812
495 832
495 864
496 502
496 539
496 569
496 602
496 605
496 632
496 680
496 814
496 820
496 897
497 505
497 522
497 548
497 565
497 568
497 671
497 674
497 747
497 782
497 899
498 514
498 520
498 558
498 660
498 690
498 810
498 843
498 860
498 875
499 502
499 555
499 559
499 613
499 620
499 624
499 668
499 728
499 787
499 804
499 807
499 811
499 859
499 879
500 555
500 591
500 595
500 602
500 643
500 651
500 674
500 691
500 747
500 841
501 525
501 627
501 631
501 645
501 718
501 781
501 782
501 792
501 853
501 863
501 880
501 893
502 515
502 595
502 652
502 863
502 897
503 543
503 578
503 581
503 618
503 636
503 658
503 711
503 772
503 856
503 876
503 897
504 544
504 560
504 571
504 617
504 645
504 694
504 698
504 711
504 759
504 801
504 821
504 826
504 837
504 838
504 899
505 518
505 527
505 538
505 590
505 698
505 700
505 767
505 797
505 851
506 531
506 628
506 636
506 699
506 700
506 703
507 529
507 618
507 677
507 702
507 804
507 811
507 819
507 820
507 898
508 561
508 568
508 571
508 572
508 582
508 646
508 659
508 669
508 687
508 742
508 810
508 832
509 519
509 536
509 603
509 641
509 646
509 682
509 697
509 723
509 794
509 799
509 844
509 853
509 858
510 556
510 585
510 602
510 673
510 752
510 794
510 891
511 545
511 590
511 594
511 662
511 737
511 775
511 776
511 809
511 851
511 868
512 570
512 625
512 642
512 804
512 867
513 580
513 590
513 605
513 647
513 666
513 728
513 798
513 820
514 521
514 522
514 587
514 617
514 657
514 750
514 767
514 779
514 792
514 794
515 519
515 538
515 564
515 579
515 586
515 597
515 645
515 702
515 715
515 857
516 543
516 587
516 630
516 655
516 664
516 678
516 692
516 744
516 828
516 837
516 844
516 848
516 855
516 876
517 523
517 552
517 554
517 636
517 756
517 767
517 776
518 535
518 595
518 599
518 606
518 748
518 806
518 816
518 866
518 877
519 613
519 698
519 743
519 793
520 642
520 789
520 834
520 836
521 561
521 568
521 600
521 602
521 640
521 764
521 864
521 889
522 628
522 638
522 662
522 666
522 736
522 775
522 855
522 886
523 541
523 617
523 620
523 701
523 749
523 774
523 796
523 804
523 828
523 875
524 629
524 632
524 695
524 736
524 758
524 796
524 836
524 849
524 859
524 890
525 548
525 563
525 584
525 592
525 711
525 764
525 769
525 852
526 569
526 581
526 633
526 669
526 790
526 885
527 532
527 566
527 575
527 593
527 625
527 684
527 821
527 832
528 576
528 594
528 595
528 690
528 714
528 742
528 792
528 844
529 653
529 673
529 823
529 863
530 592
530 631
530 635
530 755
530 774
530 798
530 847
530 851
530 861
531 575
531 576
531 579
531 715
531 745
531 772
531 815
531 838
532 597
532 638
532 735
532 777
532 828
532 830
532 893
533 573
533 602
533 621
533 625
533 679
533 683
533 762
533 764
533 771
533 850
534 560
534 561
534 579
534 611
534 671
534 682
534 781
534 794
534 838
534 889
535 538
535 580
535 591
535 597
535 696
535 704
535 851
535 892
536 538
536 549
536 725
536 794
536 814
536 899
537 578
537 601
537 612
537 627
537 643
537 706
537 726
537 745
537 785
537 832
537 866
538 563
538 577
538 609
538 660
538 678
538 716
538 746
538 761
538 766
538 804
538 810
538 850
539 605
539 818
540 623
540 677
540 730
540 731
540 797
540 804
540 822
541 556
541 728
541 768
541 868
542 618
542 699
542 706
542 854
542 870
543 662
543 746
543 801
544 583
544 679
544 699
544 704
544 854
545 597
545 631
545 748
545 777
546 582
546 585
546 616
546 803
546 811
546 852
546 894
547 655
547 684
547 690
547 795
547 847
547 875
548 608
548 625
548 700
548 780
548 791
548 808
549 594
549 632
549 665
549 674
549 726
549 768
549 770
549 783
549 835
549 841
549 846
549 878
550 569
550 572
550 595
550 599
550 672
550 678
550 800
550 828
550 842
550 852
551 583
551 608
551 620
551 712
551 758
551 836
551 841
551 858
551 880
552 627
552 643
552 736
552 740
552 849
553 562
553 699
553 789
554 618
554 652
554 653
554 693
554 754
554 801
555 611
555 663
555 670
555 743
555 748
555 767
555 770
555 775
555 806
555 858
556 599
556 610
556 619
556 637
556 662
556 801
556 808
556 898
557 564
557 717
557 791
558 590
558 599
558 714
558 768
558 823
558 885
559 570
559 595
559 618
559 625
559 639
559 650
559 820
559 853
559 872
559 897
560 573
560 656
560 682
560 683
560 708
560 740
560 780
560 814
561 608
561 620
561 666
561 725
561 735
561 876
561 897
562 633
562 738
562 814
562 851
562 876
562 887
563 597
563 772
563 777
563 802
564 585
564 589
564 601
564 603
564 633
564 658
564 685
564 750
564 827
565 567
565 578
565 665
565 726
565 835
565 859
566 575
566 651
566 678
566 680
566 695
566 765
566 795
566 821
566 830
566 831
566 861
566 869
567 647
567 655
567 678
567 770
567 774
567 784
567 826
567 888
568 575
568 628
568 664
568 710
568 717
568 868
569 570
569 711
569 736
569 885
570 581
570 594
570 701
571 597
571 635
571 717
571 862
571 875
572 588
572 692
572 754
572 769
573 652
573 862
573 894
573 899
574 582
574 607
574 724
574 752
574 777
574 821
575 585
575 591
575 634
575 694
575 715
575 739
575 762
575 780
575 862
575 864
575 871
576 658
576 727
576 760
576 888
577 657
577 714
577 724
577 821
577 824
577 869
577 895
577 896
578 594
578 681
578 754
578 833
578 844
578 847
578 856
578 861
578 893
579 598
579 608
579 621
579 654
579 712
579 721
579 724
579 759
579 841
579 877
580 597
580 603
580 636
580 639
580 705
580 788
580 802
580 849
581 674
581 690
581 697
581 749
581 772
581 789
581 883
582 584
582 644
582 676
582 833
582 897
583 596
583 645
583 674
583 689
583 690
583 707
584 658
584 704
584 709
584 802
584 859
584 881
585 589
585 637
585 713
585 738
585 744
585 770
585 772
586 605
586 621
586 661
586 663
586 688
586 692
586 701
586 706
586 737
586 761
586 803
586 805
586 821
586 871
586 885
586 898
587 656
587 732
587 767
587 786
587 788
587 864
587 897
588 608
588 666
588 721
588 807
588 868
589 615
589 685
589 734
589 756
589 794
590 611
590 657
590 761
590 797
590 853
590 889
591 595
591 600
591 691
591 770
591 786
591 794
592 742
592 778
592 792
592 798
592 803
592 809
592 820
592 835
593 708
593 732
593 744
593 828
593 848
593 858
593 873
593 877
594 662
594 670
594 698
594 770
594 865
595 645
595 727
595 771
595 791
596 612
596 624
596 703
596 738
596 744
596 885
597 643
597 691
597 790
597 799
597 802
597 857
598 713
598 771
598 844
599 609
599 660
599 670
599 703
599 759
599 769
599 815
599 848
600 609
600 634
600 659
600 740
600 848
600 896
601 606
601 611
601 612
601 617
601 622
601 625
601 632
601 714
601 832
601 887
602 641
602 769
602 810
602 845
602 851
602 859
603 637
603 812
603 868
603 890
604 619
604 721
604 792
605 618
605 627
605 642
605 704
605 876
605 886
606 650
606 671
606 738
606 819
606 824
607 630
607 671
607 720
607 721
607 743
607 814
607 835
607 877
608 689
608 735
608 844
608 899
609 686
609 698
609 760
609 822
609 831
609 852
610 620
610 660
610 698
610 782
610 828
610 837
610 867
610 895
611 635
611 691
611 718
611 737
611 805
611 854
611 883
612 619
612 652
612 653
612 668
612 691
612 876
613 631
613 638
613 678
613 696
613 788
613 794
613 815
613 819
614 674
614 742
614 767
614 804
614 816
614 829
615 751
615 762
615 777
615 845
616 631
616 680
616 823
616 848
616 869
616 874
617 622
617 690
617 701
617 717
617 771
617 866
617 896
618 643
618 660
618 670
618 786
618 811
618 869
619 628
619 684
619 698
619 699
619 708
619 749
620 634
620 660
620 691
620 729
620 733
620 734
620 739
620 800
620 861
621 636
621 637
621 717
621 765
621 777
621 834
621 857
622 692
622 717
622 767
622 868
623 676
623 712
623 891
624 716
624 796
624 829
625 661
625 682
625 695
625 700
625 799
625 802
625 835
625 854
626 647
626 659
626 660
626 661
626 699
626 739
626 742
626 786
626 797
626 827
627 631
627 695
627 751
627 797
627 806
627 808
627 814
628 632
628 642
628 767
628 788
628 801
628 854
628 855
628 856
628 880
628 893
629 636
629 667
629 779
629 810
629 826
630 681
630 689
630 697
630 718
630 719
630 727
630 739
630 754
630 759
630 804
630 816
630 827
631 730
631 792
631 875
632 635
632 643
632 697
632 734
632 751
632 763
632 809
632 822
633 671
633 802
633 880
634 694
634 720
634 734
634 791
634 872
634 876
635 718
635 735
635 761
635 885
636 715
636 724
636 768
636 772
636 831
636 890
636 891
637 641
637 656
637 708
637 802
637 810
637 848
638 720
638 757
638 779
638 814
638 846
638 869
638 895
639 648
639 696
639 736
639 811
640 664
640 687
640 706
640 840
640 861
641 654
641 670
641 675
641 680
641 800
641 841
641 889
642 658
642 667
642 850
643 711
643 730
643 844
644 645
644 720
644 754
644 769
644 813
644 832
645 672
645 684
645 805
645 890
646 674
646 717
646 738
646 745
646 808
646 831
646 860
646 892
647 668
647 679
647 737
647 774
647 821
647 841
647 882
648 672
648 734
648 869
649 689
649 740
649 759
649 840
650 696
650 711
650 776
650 876
651 736
651 769
651 792
652 723
652 759
652 791
652 833
652 840
652 853
653 695
653 742
653 795
653 817
653 818
653 849
653 861
653 898
654 772
654 869
655 806
655 872
655 879
655 886
656 861
657 700
657 744
657 761
657 762
657 794
657 850
658 885
659 770
659 827
660 739
660 830
660 854
660 871
660 876
660 882
661 725
661 734
661 735
661 785
661 788
661 812
661 830
661 831
661 849
661 856
662 686
662 755
662 823
663 674
663 684
663 702
663 752
663 780
663 791
663 808
663 851
664 693
664 726
664 817
664 841
665 896
666 744
666 754
666 760
666 769
666 780
666 896
667 701
667 716
667 767
667 812
667 832
667 879
668 847
668 848
668 875
668 897
669 676
669 683
669 829
669 852
669 873
670 710
670 864
671 680
671 846
671 847
671 868
672 679
672 736
672 767
672 830
673 718
673 793
673 831
673 843
674 740
674 768
674 790
674 874
674 899
675 711
675 819
675 835
676 704
676 722
676 737
676 748
677 682
677 684
677 706
677 726
677 757
677 770
677 772
677 776
677 804
677 838
677 852
678 689
678 695
678 712
678 776
678 787
678 795
678 843
678 862
679 700
679 741
679 833
679 860
680 690
680 873
681 712
681 812
681 835
681 846
681 847
682 783
682 839
683 766
683 775
683 846
683 863
684 691
684 748
684 756
684 802
684 839
684 843
684 870
685 712
685 759
685 824
686 793
686 820
686 893
687 834
687 849
687 871
688 777
688 796
688 808
688 814
688 883
688 884
688 895
689 717
689 779
689 804
689 876
689 893
690 745
690 765
690 790
690 804
690 852
691 830
692 696
692 708
692 804
692 817
692 882
692 886
692 890
692 899
693 718
693 749
693 793
693 804
693 871
694 731
694 859
695 760
695 761
695 843
695 877
695 879
695 894
696 697
696 780
696 813
696 848
697 732
697 838
697 863
697 865
698 726
698 874
698 886
699 713
699 720
699 762
699 782
699 830
699 833
699 841
700 768
700 819
700 822
700 834
700 855
700 863
700 880
700 881
701 753
701 883
701 892
702 716
702 728
702 741
702 850
702 889
703 739
703 814
705 731
705 778
705 882
705 898
706 735
706 753
706 801
706 819
706 874
706 875
707 721
707 795
707 835
707 854
708 716
708 867
708 871
708 881
709 799
710 725
710 732
710 774
710 855
710 883
711 796
711 847
711 890
712 729
712 860
712 874
713 731
713 788
713 814
713 888
714 782
714 791
714 812
714 878
714 881
715 725
715 748
715 760
715 873
716 754
716 794
716 820
716 846
717 830
717 839
718 783
718 847
718 894
719 730
719 735
719 756
719 838
720 727
720 756
721 767
721 787
721 846
721 890
722 735
722 822
722 851
722 853
723 765
723 813
723 886
724 726
724 828
725 874
726 727
726 761
726 814
726 861
726 872
727 739
727 787
727 891
728 762
728 763
728 871
728 893
729 791
729 850
730 796
730 866
731 766
732 898
733 884
733 887
734 791
734 793
734 890
735 773
735 786
735 830
735 874
735 897
736 791
737 772
737 794
737 796
737 819
738 745
738 787
738 801
738 807
739 796
739 888
740 753
740 756
740 777
740 805
740 835
740 860
740 871
741 786
741 852
741 863
742 839
743 860
744 772
744 787
744 828
744 851
744 883
745 864
745 893
748 800
749 757
749 769
749 891
751 754
751 756
751 771
751 873
751 886
752 776
752 785
752 806
752 813
752 816
752 885
753 780
753 815
753 830
754 771
754 896
755 795
755 821
756 815
757 761
757 773
757 782
757 824
757 827
757 883
758 850
758 889
759 788
759 804
759 890
760 781
760 793
760 813
761 769
761 770
761 797
761 814
761 883
761 894
762 778
762 823
762 827
762 893
763 773
763 777
763 809
763 812
763 831
763 862
763 876
763 887
764 884
765 848
765 856
766 768
766 825
766 844
766 865
766 880
766 898
767 857
767 874
767 888
768 781
768 794
769 876
770 777
770 795
771 773
771 835
772 833
772 835
773 779
773 890
774 822
774 858
775 842
775 871
775 872
776 794
776 831
776 846
776 892
777 853
777 876
778 850
779 842
779 881
779 885
779 887
779 888
781 793
781 794
781 808
781 811
782 797
782 816
783 788
783 853
783 856
783 889
784 804
784 805
784 822
785 812
786 804
786 875
787 794
787 829
787 836
787 842
788 814
788 821
788 854
789 829
789 833
789 869
790 805
790 879
791 871
793 816
794 842
794 858
794 890
795 811
795 895
796 859
797 843
798 857
798 863
799 873
800 809
800 821
800 834
800 854
800 859
800 873
800 878
801 845
801 864
801 886
802 828
802 858
802 882
803 813
803 837
803 851
803 886
803 898
804 836
804 871
804 888
805 813
805 818
805 868
805 877
805 897
806 884
807 813
807 891
807 893
808 880
810 877
812 847
812 883
815 860
815 885
816 856
816 876
818 847
818 866
819 877
819 886
819 888
820 842
820 870
820 877
822 823
822 841
822 845
822 871
823 858
824 862
824 866
824 899
825 826
825 846
826 834
826 854
827 850
828 881
828 883
828 885
830 851
830 892
831 868
833 838
833 852
833 866
833 869
835 889
836 861
836 886
837 854
837 864
837 870
839 868
840 855
840 859
840 885
841 852
841 885
841 888
842 858
844 872
844 896
847 891
849 891
851 888
853 877
853 880
853 884
855 862
856 878
857 881
861 884
863 869
863 898
865 894
869 876
869 878
869 884
869 896
870 883
872 899
875 898
878 881
881 887
883 892
884 899
896 897
897 898
