700
0 24
0 50
0 64
0 103
0 117
0 157
0 199
0 261
0 321
0 329
0 370
0 380
0 463
0 496
0 542
0 562
0 585
0 603
0 640
0 642
1 13
1 21
1 46
1 114
1 171
1 196
1 222
1 226
1 240
1 261
1 311
1 510
1 537
1 562
1 603
1 611
1 615
1 625
2 9
2 29
2 69
2 187
2 215
2 302
2 354
2 523
2 557
2 636
3 26
3 39
3 114
3 115
3 167
3 185
3 192
3 292
3 319
3 342
3 408
3 513
3 514
3 558
3 560
3 576
3 602
4 76
4 103
4 114
4 134
4 232
4 341
4 345
4 407
4 491
4 651
4 654
4 691
4 693
4 697
5 56
5 57
5 178
5 217
5 244
5 280
5 325
5 363
5 396
5 442
5 526
5 594
5 607
6 11
6 18
6 67
6 117
6 151
6 164
6 217
6 241
6 287
6 381
6 502
6 565
6 655
7 36
7 86
7 163
7 172
7 180
7 212
7 224
7 263
7 271
7 390
7 402
7 419
7 489
7 523
7 586
7 588
7 617
7 641
7 692
8 27
8 84
8 93
8 125
8 190
8 264
8 289
8 299
8 327
8 374
8 389
8 410
8 454
8 594
8 613
9 22
9 56
9 156
9 191
9 219
9 240
9 326
9 367
9 377
9 378
9 380
9 513
9 546
10 58
10 74
10 81
10 94
10 108
10 172
10 211
10 272
10 365
10 435
10 471
10 523
10 629
11 125
11 148
11 192
11 265
11 344
11 442
11 524
11 537
11 552
11 681
11 690
12 66
12 116
12 120
12 171
12 238
12 350
12 386
12 452
12 541
12 551
12 562
12 573
12 616
12 626
13 34
13 138
13 151
13 163
13 212
13 311
13 323
13 357
13 402
13 445
13 644
14 89
14 232
14 246
14 294
14 489
14 497
14 542
14 582
14 588
14 604
15 73
15 84
15 130
15 133
15 282
15 299
15 313
15 316
15 334
15 439
15 495
15 568
15 595
15 632
16 46
16 66
16 155
16 319
16 442
16 468
16 490
16 539
16 574
16 642
16 696
17 86
17 257
17 299
17 311
17 356
17 427
17 580
17 610
17 617
17 629
17 636
17 642
18 105
18 115
18 188
18 312
18 364
18 366
18 410
18 435
18 464
18 473
18 485
18 510
18 638
18 695
19 54
19 122
19 124
19 125
19 168
19 263
19 274
19 297
19 385
19 452
19 457
19 512
19 521
19 554
19 597
19 611
19 636
19 694
20 104
20 250
20 538
20 539
20 568
20 651
21 26
21 145
21 411
21 432
21 453
21 465
21 613
21 628
21 650
22 46
22 68
22 100
22 203
22 245
22 298
22 397
22 424
22 620
23 37
23 212
23 391
23 407
23 410
23 451
23 512
23 514
23 546
23 553
23 609
23 625
23 646
24 25
24 117
24 123
24 255
24 333
24 395
24 426
24 492
24 498
24 546
24 578
24 675
25 166
25 180
25 183
25 305
25 325
25 328
25 348
25 379
25 429
25 468
25 473
25 487
25 544
26 99
26 263
26 308
26 407
26 460
26 476
26 487
26 508
26 517
26 553
26 556
26 696
27 65
27 119
27 152
27 190
27 346
27 460
27 472
27 476
27 524
27 683
28 150
28 175
28 181
28 223
28 242
28 249
28 258
28 263
28 274
28 289
28 327
28 343
28 445
28 577
28 628
28 636
28 662
29 53
29 57
29 163
29 175
29 176
29 188
29 420
29 483
29 562
29 655
30 109
30 147
30 209
30 232
30 324
30 329
30 380
30 391
30 417
30 469
30 605
30 654
30 685
31 108
31 114
31 157
31 175
31 180
31 189
31 300
31 356
31 393
31 440
31 459
31 464
31 500
31 509
31 517
31 528
31 530
31 659
31 671
32 77
32 141
32 170
32 202
32 206
32 268
32 391
32 396
32 457
32 477
32 493
32 515
32 523
32 573
32 678
33 97
33 109
33 111
33 135
33 147
33 195
33 196
33 236
33 247
33 249
33 262
33 278
33 535
33 551
33 601
33 604
33 651
33 656
33 687
34 65
34 73
34 106
34 112
34 140
34 150
34 306
34 310
34 331
34 402
34 425
34 519
34 527
34 612
34 634
34 637
35 88
35 107
35 179
35 203
35 204
35 222
35 232
35 299
35 373
35 405
35 407
35 419
35 438
35 455
35 528
35 529
35 635
36 68
36 73
36 82
36 203
36 272
36 305
36 425
36 527
36 612
37 72
37 145
37 170
37 183
37 232
37 250
37 434
37 493
37 516
37 547
37 576
37 580
37 647
37 648
37 678
37 682
37 683
37 690
38 82
38 137
38 166
38 245
38 317
38 369
38 571
38 578
38 601
38 603
38 622
38 673
39 116
39 238
39 321
39 361
39 420
39 573
39 626
39 635
39 691
39 699
40 55
40 59
40 105
40 240
40 359
40 362
40 437
40 542
40 618
41 132
41 186
41 224
41 315
41 367
41 413
41 503
41 648
41 684
42 278
42 280
42 347
42 399
42 423
42 473
42 478
42 526
42 572
42 605
43 44
43 68
43 155
43 509
43 527
43 587
43 608
43 622
43 660
43 661
43 684
44 76
44 130
44 175
44 182
44 210
44 213
44 257
44 283
44 302
44 322
44 345
44 394
44 402
44 419
44 437
44 449
44 473
44 481
44 526
44 550
44 565
44 570
44 589
44 612
45 83
45 320
45 516
45 587
45 593
46 57
46 68
46 69
46 327
46 328
46 403
46 461
46 494
46 528
46 531
46 544
46 555
46 574
46 589
46 621
46 633
46 639
46 676
46 693
47 122
47 164
47 176
47 235
47 349
47 409
47 414
47 422
47 434
47 518
47 524
47 589
47 665
47 693
48 118
48 144
48 310
48 418
48 525
48 551
48 561
48 610
48 630
48 657
49 84
49 139
49 153
49 204
49 373
49 422
49 505
49 600
49 601
49 610
49 652
50 67
50 74
50 108
50 186
50 193
50 354
50 446
50 511
50 535
50 550
50 648
51 235
51 269
51 288
51 331
51 345
51 354
51 429
51 431
51 439
51 460
51 486
51 607
51 653
52 53
52 111
52 271
52 299
52 355
52 406
52 420
52 512
52 528
52 549
52 578
52 591
52 644
52 660
52 684
52 687
52 690
53 58
53 190
53 212
53 223
53 232
53 240
53 248
53 303
53 345
53 387
53 420
53 454
53 477
53 490
53 559
53 639
53 652
53 655
54 74
54 124
54 170
54 309
54 323
54 393
54 493
54 496
54 531
54 556
54 610
54 641
54 679
54 682
54 698
55 71
55 100
55 190
55 212
55 219
55 302
55 409
55 435
55 436
55 489
55 500
55 574
55 602
55 616
56 69
56 134
56 271
56 296
56 311
56 465
56 584
56 603
57 122
57 133
57 185
57 221
57 285
57 294
57 320
57 326
57 402
57 439
57 550
57 559
57 561
57 563
57 580
57 603
57 645
57 664
57 676
58 65
58 77
58 91
58 444
58 574
58 577
58 596
58 627
58 642
58 649
58 662
58 677
58 692
59 101
59 104
59 292
59 297
59 403
59 485
59 574
59 607
59 654
59 658
59 673
60 64
60 99
60 214
60 377
60 386
60 388
60 425
60 458
60 483
60 496
60 554
60 634
60 669
60 699
61 72
61 93
61 265
61 293
61 326
61 461
61 546
61 572
61 628
61 640
61 667
62 223
62 248
62 288
62 300
62 345
62 363
62 442
62 512
62 670
63 84
63 125
63 135
63 146
63 202
63 219
63 233
63 275
63 326
63 345
63 371
63 391
63 421
63 441
63 450
63 522
64 67
64 88
64 93
64 116
64 190
64 232
64 294
64 305
64 366
64 415
64 600
64 605
64 617
64 633
64 659
64 697
65 151
65 283
65 374
65 377
65 392
65 416
65 487
65 663
65 665
65 667
65 689
66 82
66 88
66 105
66 156
66 211
66 214
66 216
66 218
66 275
66 280
66 383
66 436
66 438
66 449
66 454
66 487
66 560
67 89
67 102
67 123
67 164
67 181
67 236
67 299
67 354
67 418
67 435
67 490
67 495
67 563
67 574
67 616
67 629
67 635
68 89
68 140
68 151
68 246
68 282
68 303
68 330
68 383
68 391
68 416
68 518
68 644
69 75
69 87
69 125
69 203
69 212
69 238
69 252
69 290
69 325
69 397
69 538
69 690
70 135
70 180
70 237
70 287
70 363
70 426
70 459
70 522
70 545
70 610
70 648
71 155
71 186
71 188
71 195
71 322
71 358
71 360
71 424
71 533
71 592
72 91
72 162
72 185
72 187
72 190
72 240
72 252
72 266
72 298
72 303
72 367
72 388
72 452
72 504
72 648
72 683
73 132
73 214
73 249
73 302
73 333
73 343
73 393
73 400
73 425
73 543
73 570
73 598
73 674
73 692
73 697
74 145
74 209
74 240
74 243
74 277
74 431
75 141
75 165
75 177
75 181
75 261
75 302
75 484
75 501
75 527
75 682
76 111
76 143
76 167
76 209
76 251
76 323
76 330
76 338
76 354
76 393
76 404
76 691
77 114
77 164
77 174
77 193
77 195
77 252
77 350
77 355
77 368
77 447
77 496
77 499
77 526
77 569
77 589
77 601
77 628
77 676
78 82
78 103
78 107
78 125
78 219
78 353
78 366
78 443
78 468
78 471
78 560
78 578
78 681
79 92
79 120
79 237
79 288
79 352
79 429
79 460
79 505
79 513
79 552
79 647
79 682
79 698
80 144
80 147
80 351
80 354
80 355
80 368
80 400
80 420
80 427
80 435
80 620
80 621
80 623
80 635
80 664
80 673
81 184
81 198
81 218
81 253
81 262
81 297
81 408
81 447
81 478
81 488
81 503
81 528
81 574
81 599
81 654
81 690
82 133
82 316
82 330
82 333
82 356
82 386
82 393
82 405
82 419
82 449
82 472
82 512
82 568
82 602
82 694
83 99
83 140
83 154
83 358
83 374
83 385
83 504
83 523
83 548
83 591
83 676
84 105
84 131
84 166
84 180
84 219
84 257
84 344
84 459
84 468
84 664
85 313
85 319
85 392
85 621
85 622
86 87
86 109
86 144
86 186
86 210
86 269
86 311
86 366
86 385
86 477
86 490
86 495
86 553
86 657
86 679
87 138
87 146
87 170
87 197
87 218
87 231
87 245
87 266
87 289
87 487
87 553
87 565
87 628
87 647
87 651
87 676
88 131
88 163
88 195
88 347
88 441
88 459
88 464
88 506
88 549
88 558
89 90
89 116
89 159
89 195
89 247
89 299
89 366
89 424
89 442
89 562
89 611
89 697
90 211
90 237
90 338
90 339
90 389
90 419
90 534
90 627
91 169
91 193
91 216
91 367
91 427
91 459
91 473
91 497
91 504
91 511
91 516
91 536
91 605
91 610
92 97
92 127
92 168
92 197
92 205
92 216
92 222
92 231
92 276
92 338
92 457
92 491
92 562
92 576
93 98
93 124
93 153
93 155
93 162
93 177
93 371
93 429
93 454
93 595
93 609
94 114
94 134
94 151
94 259
94 343
94 384
94 404
94 414
94 457
94 630
94 698
95 110
95 403
95 426
95 453
95 477
95 482
95 616
95 642
95 690
95 691
96 162
96 191
96 194
96 248
96 302
96 317
96 365
96 450
96 558
96 664
97 109
97 373
97 442
97 478
97 575
97 616
97 645
98 142
98 144
98 253
98 255
98 289
98 596
98 670
98 685
99 170
99 232
99 291
99 302
99 364
99 370
99 436
99 455
99 483
99 497
99 603
100 238
100 268
100 275
100 319
100 366
100 406
100 442
100 480
100 514
100 529
100 538
100 670
100 672
101 431
101 538
101 548
101 570
101 623
101 657
102 106
102 142
102 163
102 187
102 284
102 310
102 397
102 457
102 507
102 531
102 541
102 644
102 688
102 693
102 697
103 109
103 135
103 161
103 181
103 339
103 373
103 388
103 576
103 591
104 127
104 143
104 174
104 185
104 190
104 202
104 217
104 243
104 300
104 343
104 397
104 537
104 539
104 540
104 668
104 675
104 685
105 176
105 223
105 303
105 359
105 444
105 450
105 497
105 534
106 151
106 317
106 359
106 430
106 474
106 526
106 536
106 539
106 555
107 149
107 239
107 319
107 322
107 375
107 506
107 550
107 582
107 589
107 685
108 111
108 181
108 219
108 231
108 327
108 363
108 510
108 544
108 571
108 583
108 606
108 661
108 682
109 142
109 259
109 313
109 516
109 618
109 651
109 671
110 158
110 169
110 170
110 218
110 307
110 331
110 394
110 425
110 445
110 452
110 531
110 567
110 586
110 615
110 618
110 656
111 121
111 137
111 255
111 263
111 342
111 413
111 535
111 545
111 622
111 633
112 169
112 221
112 307
112 315
112 403
112 476
112 534
112 541
112 581
112 583
113 138
113 253
113 292
113 428
113 494
113 689
114 194
114 218
114 255
114 313
114 345
114 375
114 389
114 424
114 483
114 647
115 144
115 205
115 242
115 298
115 522
115 649
116 248
116 305
116 310
116 346
116 409
116 420
116 436
116 493
116 495
116 508
116 509
116 598
117 199
117 207
117 272
117 413
117 440
117 595
117 625
117 668
118 141
118 155
118 160
118 172
118 264
118 280
118 438
118 493
118 599
118 643
119 126
119 192
119 216
119 220
119 225
119 232
119 279
119 466
119 496
119 576
119 654
119 675
120 179
120 267
120 271
120 367
120 370
120 531
120 552
120 576
120 588
121 156
121 158
121 163
121 237
121 285
121 299
121 341
121 469
121 598
121 614
121 625
121 654
121 683
122 139
122 195
122 252
122 377
122 459
122 481
122 543
122 568
122 586
122 620
122 623
122 636
122 669
123 133
123 150
123 159
123 264
123 368
123 402
123 433
123 449
123 512
123 571
123 615
123 617
123 622
124 216
124 238
124 307
124 372
124 438
124 531
124 573
124 607
124 635
125 160
125 172
125 232
125 295
125 304
125 362
125 422
125 427
125 447
125 456
125 479
125 528
125 553
125 583
125 613
125 653
125 678
126 255
126 299
126 305
126 447
126 495
126 496
126 520
126 535
126 539
126 572
126 579
126 590
127 222
127 268
127 292
127 294
127 306
127 326
127 328
127 371
127 467
127 560
127 592
127 593
127 613
127 633
128 192
128 195
128 295
128 311
128 367
128 432
128 439
128 487
128 517
128 548
128 603
129 137
129 237
129 252
129 253
129 284
129 288
129 334
129 368
129 415
129 440
129 477
129 480
129 526
129 590
129 606
129 697
130 324
130 356
130 385
130 400
130 419
130 430
130 459
130 478
130 521
130 553
130 598
130 653
130 657
130 697
131 206
131 248
131 250
131 262
131 321
131 380
131 382
131 386
131 435
131 490
131 498
131 518
131 543
131 567
131 627
131 667
131 691
132 257
132 344
132 357
132 359
132 370
132 374
132 486
132 517
132 623
133 146
133 160
133 253
133 257
133 273
133 321
133 333
133 390
133 448
133 467
133 481
133 483
133 542
133 625
133 632
133 676
133 686
134 270
134 377
134 558
134 573
134 591
134 619
134 647
134 661
135 143
135 195
135 223
135 255
135 302
135 308
135 315
135 417
135 442
135 448
135 479
135 505
135 549
135 565
135 598
135 678
136 143
136 170
136 217
136 227
136 263
136 302
136 315
136 362
136 491
136 495
136 617
137 142
137 229
137 257
137 258
137 406
137 409
137 413
137 445
137 466
137 556
137 570
137 573
137 581
137 656
137 666
137 669
138 255
138 371
138 469
138 497
138 600
138 626
139 146
139 194
139 204
139 209
139 211
139 223
139 280
139 287
139 324
139 339
139 453
139 543
139 650
139 683
140 170
140 201
140 267
140 289
140 317
140 514
140 673
140 688
141 158
141 196
141 236
141 275
141 296
141 373
141 376
141 383
141 424
141 435
141 446
141 560
141 608
142 211
142 305
142 359
142 387
142 417
142 439
142 456
142 478
142 675
143 234
143 239
143 338
143 355
143 369
143 401
143 624
143 641
143 654
143 690
143 697
144 169
144 182
144 189
144 207
144 209
144 233
144 246
144 260
144 415
144 576
144 578
144 591
144 601
145 282
145 356
145 372
145 455
145 499
145 517
145 529
145 538
146 217
146 274
146 334
146 384
146 446
146 564
146 624
146 673
146 697
147 186
147 198
147 290
147 371
147 381
147 392
147 469
147 513
147 606
147 655
147 678
148 153
148 231
148 280
148 322
148 374
148 436
148 457
148 499
148 541
148 593
148 615
148 616
148 641
149 157
149 194
149 208
149 215
149 245
149 324
149 326
149 330
149 332
149 352
149 403
149 499
149 522
149 597
149 656
150 172
150 221
150 236
150 248
150 289
150 293
150 302
150 321
150 322
150 326
150 393
150 468
150 486
150 590
150 598
151 154
151 155
151 168
151 194
151 238
151 244
151 266
151 290
151 312
151 366
151 398
151 441
151 478
151 512
151 517
151 544
152 177
152 274
152 404
152 445
152 463
152 520
152 522
152 586
152 625
152 640
152 653
153 191
153 330
153 437
153 496
153 518
153 533
153 561
153 564
153 639
153 676
154 315
154 317
154 405
154 424
154 449
154 480
154 609
154 625
154 652
155 199
155 227
155 262
155 310
155 341
155 354
155 443
155 524
155 547
155 604
156 208
156 360
156 368
156 458
156 473
156 546
156 667
157 203
157 223
157 324
157 355
157 376
157 500
157 682
158 242
158 247
158 262
158 271
158 390
158 500
158 515
158 642
158 672
159 170
159 203
159 289
159 362
159 373
159 421
159 424
159 665
159 669
159 672
159 684
160 270
160 338
160 377
160 394
160 421
160 463
160 521
160 573
160 613
160 672
161 171
161 220
161 230
161 244
161 258
161 295
161 307
161 422
161 534
161 578
161 585
161 594
161 613
161 644
162 200
162 212
162 245
162 257
162 346
162 370
162 465
162 538
162 545
162 560
162 601
162 679
163 187
163 193
163 249
163 326
163 360
163 363
163 371
163 465
163 505
163 604
163 620
163 691
164 186
164 314
164 377
164 483
164 492
164 493
164 547
164 588
164 590
164 629
164 636
164 664
164 671
164 697
165 180
165 237
165 309
165 497
165 527
165 590
165 610
165 654
165 669
165 688
165 689
166 185
166 292
166 376
166 387
166 426
166 542
166 614
167 196
167 224
167 254
167 304
167 401
167 416
167 419
167 468
167 505
167 566
167 629
167 678
168 231
168 242
168 259
168 347
168 348
168 440
168 463
168 679
169 235
169 254
169 286
169 323
169 353
169 362
169 399
169 404
169 417
169 595
169 610
169 634
169 655
169 698
170 362
170 365
170 367
170 455
170 515
170 542
171 211
171 254
171 299
171 350
171 425
171 426
171 476
171 488
171 528
171 566
171 585
171 627
172 173
172 225
172 226
172 247
172 265
172 279
172 347
172 443
172 474
172 566
172 646
172 677
173 290
173 330
173 438
173 440
173 443
173 543
173 609
173 661
173 673
174 182
174 214
174 333
174 423
174 465
174 492
174 502
174 525
174 625
174 632
174 648
174 670
175 179
175 193
175 194
175 250
175 347
175 443
175 451
175 527
175 620
175 666
175 673
176 397
176 413
176 423
176 551
176 555
176 569
176 610
176 615
176 618
176 650
177 185
177 374
177 485
177 631
178 192
178 238
178 293
178 331
178 424
178 465
178 528
178 542
178 586
178 681
178 690
179 189
179 224
179 229
179 352
179 354
179 488
179 495
179 529
179 550
179 554
179 567
179 646
179 668
179 670
180 285
180 319
180 342
180 440
180 484
180 498
180 520
180 548
180 555
180 646
181 300
181 399
181 417
181 543
181 609
181 654
181 655
181 667
182 218
182 223
182 244
182 266
182 278
182 290
182 349
182 412
182 466
182 483
182 513
182 528
182 534
182 550
182 608
183 187
183 214
183 244
183 246
183 247
183 257
183 361
183 417
183 442
183 445
183 488
183 554
183 561
183 570
183 594
183 597
183 674
183 683
184 219
184 235
184 357
184 409
184 444
184 445
184 475
184 488
184 601
184 661
184 668
184 680
185 278
185 322
185 397
185 436
185 448
185 460
185 473
185 490
185 510
185 555
185 584
185 613
185 620
185 681
186 190
186 195
186 324
186 325
186 374
186 403
186 405
186 421
186 464
186 473
186 559
186 594
186 620
187 326
187 421
187 437
187 601
187 644
187 679
187 683
188 515
188 537
188 557
188 600
189 255
189 320
189 334
189 385
189 388
189 399
189 423
189 515
189 624
190 299
190 333
190 341
190 365
190 369
190 376
190 403
190 442
190 477
190 487
190 521
190 544
190 551
190 655
191 202
191 225
191 252
191 267
191 293
191 336
191 384
191 400
191 412
191 593
191 622
191 670
191 680
191 687
192 199
192 201
192 235
192 252
192 265
192 301
192 332
192 335
192 402
192 423
192 436
192 497
192 516
192 663
193 250
193 273
193 367
193 448
193 590
193 608
193 651
193 661
194 405
194 455
194 515
194 635
195 207
195 211
195 212
195 247
195 338
195 356
195 384
195 507
195 563
195 610
195 613
195 636
195 638
196 207
196 212
196 265
196 396
196 436
196 458
196 606
196 664
197 219
197 243
197 289
197 323
197 371
197 470
197 554
197 650
197 654
198 252
198 334
198 424
198 465
198 505
198 523
198 572
198 620
198 623
198 657
198 659
198 669
198 681
199 235
199 311
199 414
199 446
199 448
199 504
199 508
199 555
199 580
199 588
200 395
200 486
200 512
200 596
200 674
201 215
201 364
201 406
201 417
201 465
201 478
201 580
201 623
201 674
201 696
202 272
202 351
202 360
202 383
202 420
202 430
202 433
202 439
202 450
202 468
202 550
202 551
202 693
202 699
203 254
203 323
203 364
203 398
203 481
203 507
203 643
203 669
204 233
204 307
204 343
204 448
204 490
204 518
204 546
204 567
204 654
204 669
204 694
205 285
205 300
205 307
205 313
205 370
205 413
205 426
205 438
205 563
205 571
205 589
205 666
205 670
206 301
206 318
206 351
206 354
206 417
207 247
207 258
207 603
207 618
208 232
208 242
208 322
208 351
208 371
208 385
208 386
208 408
208 548
209 257
209 260
209 344
209 454
209 483
209 553
209 568
209 613
209 650
209 668
209 675
210 290
210 319
210 347
210 394
210 433
210 446
210 480
210 512
210 524
210 586
210 587
210 635
210 641
210 655
210 674
211 246
211 305
211 371
211 412
211 438
211 481
211 553
211 564
211 575
211 581
211 608
211 638
212 213
212 402
212 410
212 445
212 503
212 539
212 664
212 671
212 699
213 226
213 355
213 373
213 532
213 553
213 557
213 632
213 652
213 663
213 697
214 243
214 275
214 329
214 344
214 414
214 431
214 444
214 466
214 510
214 532
214 574
214 592
215 299
215 580
215 592
215 606
215 660
215 691
216 231
216 412
216 417
216 420
216 440
216 521
216 589
216 592
216 687
217 259
217 348
217 352
217 356
217 489
217 519
217 664
217 688
217 696
218 296
218 344
218 425
218 684
219 244
219 279
219 376
219 379
219 479
219 543
219 624
219 625
220 260
220 302
220 400
220 437
220 452
220 571
220 621
220 625
220 678
221 395
221 496
221 621
221 649
222 227
222 248
222 304
222 324
222 339
222 358
222 377
222 483
222 496
222 510
222 517
222 534
222 592
222 623
222 657
223 257
223 279
223 354
223 430
223 582
223 662
224 253
224 256
224 273
224 284
224 399
224 424
224 441
224 477
224 504
224 507
224 574
225 272
225 301
225 307
225 330
225 641
225 674
225 693
226 236
226 246
226 275
226 301
226 320
226 351
226 390
226 416
226 469
226 485
226 488
226 531
226 579
226 588
226 595
226 604
226 633
226 637
226 663
226 696
227 249
227 376
227 445
227 624
228 256
228 289
228 388
228 435
228 467
228 516
228 534
228 659
228 687
229 280
229 283
229 383
229 388
229 440
229 446
229 449
229 508
229 539
229 542
229 551
229 577
229 581
229 691
230 238
230 264
230 404
230 448
230 537
230 549
230 649
231 249
231 375
231 404
231 426
231 432
231 489
231 544
231 563
232 280
232 294
232 298
232 337
232 338
232 347
232 367
232 406
232 561
232 598
232 601
233 246
233 273
233 365
233 381
233 416
233 418
233 517
233 579
233 615
233 631
233 670
234 236
234 306
234 320
234 322
234 328
234 371
234 376
234 401
234 464
234 490
234 539
234 569
234 621
235 257
235 330
235 332
235 394
235 422
235 432
235 456
235 508
235 530
235 537
235 564
235 649
236 263
236 360
236 371
236 383
236 411
236 483
236 540
236 541
236 589
236 653
237 296
237 371
237 404
237 678
238 248
238 255
238 292
238 330
238 378
238 530
238 536
238 548
238 671
238 675
239 244
239 360
239 369
239 460
239 464
239 508
239 558
239 599
239 618
240 241
240 406
240 407
240 467
240 504
240 517
240 529
240 579
241 268
241 331
241 369
241 490
241 588
241 666
241 668
241 690
242 348
242 413
242 521
242 564
242 593
242 607
242 693
243 259
243 307
243 372
243 452
243 491
243 518
243 580
243 587
243 636
243 674
244 280
244 357
244 389
244 534
244 564
244 581
244 586
244 594
244 642
244 643
245 285
245 320
245 330
245 355
245 508
245 572
245 584
245 641
245 686
246 309
246 323
246 358
246 468
246 501
246 578
247 251
247 296
247 314
247 330
247 353
247 357
247 421
247 571
247 598
247 634
247 654
248 271
248 276
248 286
248 287
248 325
248 342
248 361
248 441
248 464
248 479
248 507
248 542
248 567
248 642
248 671
248 682
249 275
249 331
249 339
249 371
249 380
249 414
249 434
249 603
249 675
249 689
250 299
250 367
250 454
250 533
250 607
250 696
251 273
251 393
251 395
251 443
251 480
251 532
251 541
251 548
251 625
251 683
251 695
252 274
252 312
252 329
252 527
252 541
252 597
252 602
252 626
252 647
253 362
253 397
253 403
253 464
253 471
253 584
253 679
254 285
254 341
254 415
254 544
254 586
254 597
254 621
255 274
255 362
255 368
255 372
255 384
255 389
255 432
255 477
255 581
255 586
255 611
255 612
255 649
255 690
256 333
256 337
256 368
256 394
256 404
256 457
256 462
256 508
256 626
256 677
257 296
257 303
257 340
257 354
257 629
257 651
257 683
258 264
258 303
258 331
258 464
258 536
258 553
258 562
258 689
259 261
259 351
259 366
259 401
259 440
259 520
259 620
259 686
260 302
260 355
260 532
260 558
260 565
260 611
260 627
260 665
260 693
261 317
261 323
261 396
261 426
261 446
261 452
261 492
261 518
261 537
261 597
262 300
262 313
262 342
262 382
262 398
262 427
262 448
262 477
262 488
262 509
262 531
262 544
262 560
262 698
263 334
263 381
263 383
263 392
263 526
263 534
263 589
263 602
263 650
263 699
264 310
264 334
264 344
264 368
264 382
264 401
264 406
264 648
264 689
265 467
265 552
265 573
265 675
266 273
266 295
266 359
266 366
266 410
266 412
266 500
266 507
266 637
266 689
267 277
267 349
267 377
267 378
267 487
267 514
267 516
267 523
267 552
267 605
267 671
268 303
268 310
268 326
268 457
268 517
268 569
268 570
268 577
268 613
268 626
268 630
268 699
269 344
269 348
269 369
269 398
269 536
269 661
269 691
270 332
270 359
270 396
270 523
270 603
270 685
271 292
271 376
271 438
271 489
271 572
271 651
272 441
272 521
272 612
272 633
273 319
273 381
273 482
273 492
273 556
273 596
273 646
273 690
274 334
274 379
274 387
274 423
274 447
274 568
275 319
275 322
275 380
275 487
275 550
275 575
275 634
275 689
275 697
276 429
276 473
276 476
276 620
276 679
276 697
277 303
277 354
277 363
277 458
277 483
277 529
277 546
277 574
277 589
277 638
277 693
278 330
278 358
278 372
278 402
278 410
278 414
278 436
278 613
278 686
279 299
279 384
279 407
279 515
279 535
279 563
279 596
279 632
279 657
279 693
279 699
280 281
280 387
280 617
281 296
281 323
281 361
281 424
281 486
281 504
281 595
281 619
281 622
281 628
281 632
282 485
282 501
282 552
282 569
282 572
282 623
282 627
283 339
283 343
283 344
283 503
283 507
283 562
284 330
284 357
284 377
284 393
284 545
285 387
285 449
285 501
285 521
285 557
285 639
285 651
285 665
286 444
286 518
286 566
286 572
286 641
287 528
287 548
287 553
288 406
288 551
288 554
288 568
288 616
288 682
289 399
289 407
289 420
289 440
289 557
289 567
289 591
289 622
289 642
290 298
290 314
290 345
290 362
290 383
290 471
290 485
290 515
290 594
291 336
291 357
291 394
291 571
291 648
292 326
292 344
292 345
292 404
292 437
292 456
292 480
292 558
292 639
292 663
292 679
292 699
293 306
293 315
293 375
293 419
293 518
293 526
293 553
293 562
293 596
293 681
294 295
294 299
294 330
294 341
294 375
294 537
294 609
294 630
294 657
294 684
294 692
295 308
295 319
295 398
295 419
295 452
295 486
295 506
295 593
295 654
295 683
296 321
296 400
296 542
296 543
296 557
296 589
296 603
296 611
296 635
296 699
297 298
297 300
297 415
297 502
297 510
297 528
297 534
297 569
297 627
297 633
297 643
297 684
298 373
298 384
298 405
298 465
298 481
298 485
298 513
298 583
298 654
298 677
299 317
299 473
299 520
299 523
299 538
299 558
299 560
299 564
299 585
299 639
299 643
299 649
299 672
299 686
300 327
300 340
300 344
300 410
300 414
300 415
300 434
300 441
300 460
300 492
300 496
300 550
300 666
300 673
301 374
301 385
301 408
301 424
301 471
301 504
301 521
301 549
301 655
301 664
302 328
302 440
302 511
302 563
303 347
303 384
303 446
303 457
303 468
303 469
303 484
303 505
303 523
303 689
304 323
304 343
304 359
304 503
304 545
304 596
304 673
305 433
305 445
305 562
305 593
305 670
306 465
306 515
306 544
306 548
306 557
306 561
306 571
306 588
307 359
307 405
307 415
307 495
307 521
307 593
307 604
307 631
307 699
308 478
308 483
308 487
308 498
308 506
308 559
308 639
308 668
309 463
309 509
309 574
309 613
309 616
309 695
310 319
310 381
310 441
310 480
310 490
310 567
310 614
311 338
311 373
311 498
311 501
311 552
311 575
311 617
311 667
312 412
312 415
312 440
312 453
312 464
312 542
312 576
312 682
312 696
313 367
313 386
313 396
313 439
313 610
313 667
313 696
314 428
314 454
314 498
314 499
314 505
314 579
314 586
314 656
315 326
315 462
315 585
315 598
315 609
315 677
316 386
316 423
316 434
316 509
316 514
316 524
316 529
316 542
316 546
316 632
316 690
317 365
317 508
317 609
317 614
317 647
317 649
318 355
318 532
318 543
318 643
318 681
319 330
319 385
319 388
319 469
319 485
319 549
319 608
319 668
320 329
320 368
320 423
320 604
320 609
320 622
320 637
320 664
320 688
321 461
321 482
321 605
321 617
321 639
321 663
321 693
322 372
322 391
322 428
322 489
322 516
322 545
322 592
322 621
322 677
323 373
323 410
323 463
323 505
323 534
323 647
324 377
324 397
324 463
324 486
324 521
324 567
324 590
324 620
324 624
324 631
324 679
325 335
325 389
325 422
325 455
325 657
326 332
326 525
326 661
327 523
327 551
327 552
327 610
328 413
328 489
328 563
328 629
328 635
328 644
329 334
329 338
329 353
329 495
329 513
329 618
329 647
329 683
330 540
330 626
331 342
331 383
331 427
331 470
331 679
331 694
331 695
331 697
332 347
332 419
332 428
332 456
332 474
332 497
332 612
332 647
333 349
333 399
333 470
333 558
333 609
333 611
333 686
334 357
334 372
334 386
334 399
334 446
334 524
334 531
334 663
335 377
335 413
335 447
335 596
335 619
336 349
336 368
336 369
336 500
336 516
336 679
336 680
337 385
337 405
337 412
337 428
337 514
337 532
337 550
337 630
337 639
337 661
337 669
338 395
338 397
338 423
338 436
338 509
338 534
338 603
338 621
339 401
339 464
339 632
339 654
339 685
340 344
340 372
340 481
340 509
341 391
341 442
341 490
341 526
341 668
341 674
342 350
342 373
342 390
342 414
342 428
342 434
342 475
342 538
342 541
342 560
342 632
342 642
343 502
343 565
343 585
343 588
343 638
343 663
343 681
344 403
344 473
345 524
345 605
345 630
345 688
346 360
346 364
346 390
346 443
346 494
346 500
346 528
346 585
346 587
346 601
346 634
346 664
347 452
347 457
347 462
347 480
347 488
347 511
347 527
347 557
347 575
347 688
348 361
348 405
348 423
348 441
348 450
348 563
348 579
348 629
348 654
348 656
348 665
348 669
349 362
349 386
349 434
349 566
350 351
350 366
350 368
350 385
350 448
350 453
350 460
350 478
350 579
350 633
350 678
350 699
351 384
351 440
351 527
351 544
351 615
351 619
351 620
351 627
351 670
352 387
352 415
352 546
352 624
352 636
352 642
353 416
353 438
353 465
353 549
353 597
353 684
353 694
354 418
354 425
354 444
354 500
354 642
354 648
354 649
354 655
355 361
355 383
355 389
355 393
355 464
355 469
355 519
355 625
356 388
356 398
356 404
356 448
356 635
356 645
356 651
356 668
357 463
357 508
357 524
357 560
357 577
357 610
357 637
358 364
358 380
358 384
358 429
358 465
358 574
358 662
358 697
359 364
359 368
359 522
359 579
359 596
359 618
359 627
359 678
360 393
360 416
360 512
360 553
360 589
360 595
360 625
361 381
361 437
361 485
361 489
361 541
361 577
361 602
361 643
361 671
362 414
362 463
362 521
362 611
362 655
362 663
363 375
363 406
363 484
363 504
363 566
363 595
363 621
364 466
364 475
364 551
364 552
364 584
364 644
365 377
365 387
365 519
365 667
366 371
366 530
366 642
367 445
367 517
367 538
367 542
367 560
367 597
367 654
368 380
368 388
368 392
368 448
368 494
368 507
368 525
369 395
369 461
369 479
369 490
369 548
369 671
369 692
370 373
370 383
370 402
370 438
370 455
370 475
370 507
370 590
370 623
370 691
371 402
371 426
371 460
371 503
371 539
371 587
371 642
371 659
371 679
372 407
372 445
372 456
372 509
372 524
372 529
372 553
372 678
372 685
373 381
373 465
373 560
373 569
373 588
373 639
373 680
374 431
374 598
375 409
375 424
375 559
375 604
375 664
376 378
376 389
376 433
376 562
376 574
376 579
376 644
376 651
377 408
377 452
377 462
377 515
377 529
377 571
377 622
377 625
377 635
377 648
378 412
378 469
378 472
378 473
378 481
378 486
378 487
378 557
378 560
378 586
378 608
378 697
379 516
379 548
379 626
379 655
380 431
380 470
380 477
380 563
380 624
381 386
381 424
381 433
381 488
381 576
381 604
382 473
382 498
382 671
383 408
383 459
383 509
383 597
383 604
383 676
383 697
384 433
384 510
384 525
384 586
385 445
385 462
385 532
385 537
385 655
385 664
386 401
386 416
386 480
386 557
386 661
387 402
387 477
387 545
387 555
387 670
387 692
388 424
388 432
388 482
388 490
388 595
388 613
388 618
388 641
388 664
388 679
388 695
389 391
389 425
389 506
389 512
389 638
389 672
389 677
389 695
390 393
390 421
390 671
391 399
391 594
391 615
391 638
391 675
391 682
392 496
392 585
392 612
393 402
393 494
393 504
393 508
393 569
393 635
393 646
393 685
394 446
394 619
395 516
395 578
395 665
395 685
396 399
396 407
396 435
396 444
396 516
396 549
396 645
397 461
397 488
397 519
397 590
397 641
397 672
397 674
397 697
398 442
398 523
398 533
398 607
399 422
399 425
399 453
399 489
399 559
399 650
399 655
400 473
400 492
400 502
400 517
400 531
400 561
400 602
400 656
400 657
400 677
400 686
401 435
401 441
401 452
401 674
401 685
401 693
401 698
402 477
402 493
402 564
402 567
402 570
402 585
402 672
403 423
403 463
403 464
403 475
403 548
403 578
403 582
403 594
403 617
403 696
404 411
404 423
404 512
405 450
405 545
405 621
405 657
405 692
406 454
406 618
406 645
406 680
406 692
407 420
407 492
407 519
407 574
407 581
407 636
408 423
408 481
408 499
408 535
408 596
408 605
408 676
409 446
409 494
409 522
409 528
409 540
409 566
409 570
410 422
410 436
410 443
410 468
410 519
410 655
410 698
411 412
411 414
411 456
411 481
411 519
411 543
411 554
411 577
411 580
411 606
412 488
412 574
412 635
412 671
412 672
413 432
413 433
413 447
413 460
413 487
413 511
413 582
413 604
413 696
414 424
414 453
414 601
414 608
414 646
415 505
415 543
415 624
416 555
416 569
416 626
417 443
417 470
417 485
417 520
417 523
417 568
417 604
417 610
417 629
417 699
418 483
418 660
419 466
419 550
419 569
419 571
419 660
419 692
420 425
420 458
420 463
420 531
420 624
420 625
420 650
420 661
420 666
420 699
421 500
421 519
421 529
421 603
421 616
421 626
422 467
422 504
422 507
422 542
422 578
422 674
422 694
422 696
423 429
423 559
423 601
423 645
423 675
423 696
424 449
424 528
424 629
424 630
424 639
425 633
425 660
425 671
425 697
426 441
426 500
426 682
426 694
427 453
427 472
427 490
427 503
428 662
428 663
428 678
429 455
429 467
429 521
429 539
429 580
429 587
429 602
429 653
429 679
430 614
430 624
430 636
430 643
430 689
431 449
431 464
431 489
431 492
431 543
431 596
432 456
432 490
432 546
432 560
432 593
432 627
432 653
432 693
433 509
433 515
433 603
433 657
434 467
434 490
434 497
434 511
434 654
434 676
435 659
435 685
436 467
436 470
436 546
436 606
437 456
437 563
437 621
438 474
438 580
438 617
438 637
439 446
439 455
439 491
439 592
439 600
440 552
440 575
440 600
440 671
441 497
441 527
441 574
441 587
441 592
441 604
441 615
441 697
442 451
442 455
442 460
442 561
442 597
442 639
443 472
443 573
443 575
443 605
443 639
443 670
443 675
444 450
444 520
444 577
444 598
444 602
444 640
444 653
445 484
445 547
445 568
445 607
445 636
446 454
446 495
446 496
446 500
446 519
446 524
446 532
446 598
446 619
446 653
446 699
447 473
447 545
447 546
447 585
447 644
447 676
448 468
448 480
448 498
448 546
449 454
449 492
449 565
449 597
449 611
449 634
450 501
450 516
450 521
450 539
450 554
450 680
450 691
451 603
451 671
452 497
452 537
452 557
452 572
452 590
452 596
452 604
452 625
452 677
452 679
452 683
453 508
453 564
453 592
453 615
454 458
454 531
454 633
454 694
455 495
455 624
455 625
455 665
456 498
456 505
456 560
456 599
456 616
456 645
456 676
457 487
457 636
458 463
458 480
458 493
458 574
458 585
458 600
458 659
458 682
459 493
459 653
459 661
459 679
460 489
460 518
460 528
460 589
461 627
461 643
461 686
462 535
462 578
462 635
462 680
463 482
463 579
463 683
464 510
464 533
464 536
464 609
464 640
464 682
464 687
465 545
465 553
466 566
466 583
466 586
466 606
466 626
466 636
467 560
467 642
467 656
468 638
468 642
468 691
469 488
469 588
469 589
469 680
470 476
470 571
470 588
470 614
470 626
470 653
470 699
471 484
471 549
471 569
471 584
472 493
472 519
472 650
472 698
473 481
473 558
473 588
473 677
474 527
474 574
474 625
474 637
475 566
475 571
475 573
475 613
475 634
475 676
475 688
476 519
476 563
476 588
476 612
476 643
477 508
477 532
477 552
477 653
477 680
477 681
478 479
478 488
478 600
479 531
479 635
479 668
480 516
480 532
480 571
480 606
480 630
480 680
481 490
481 564
481 578
481 670
481 691
482 539
482 542
482 574
482 675
483 579
483 658
483 690
483 699
484 517
484 585
485 557
485 621
486 522
486 531
486 562
486 596
486 614
486 676
486 688
487 494
487 501
487 546
487 549
487 665
487 673
487 675
488 523
488 575
488 619
488 650
488 651
489 496
489 533
489 568
489 570
489 613
489 693
489 694
490 543
490 558
490 572
490 595
490 607
490 638
490 662
491 535
491 582
491 629
492 507
492 682
493 662
494 550
494 558
494 620
494 622
494 655
495 507
495 508
495 517
495 569
495 579
496 649
497 499
497 622
497 640
497 645
497 648
498 533
498 621
498 648
498 688
499 659
499 690
499 694
500 534
500 588
500 626
501 555
501 584
501 589
501 594
502 505
502 593
502 639
503 517
503 535
503 537
503 611
503 689
503 699
504 508
504 576
504 659
504 673
504 682
505 549
505 673
505 677
506 666
506 681
507 519
507 560
507 689
508 656
509 645
509 650
509 661
509 675
510 593
511 621
511 692
512 581
512 602
512 619
513 569
513 570
513 587
513 588
513 671
514 542
514 681
515 591
515 608
515 671
515 689
516 610
516 638
516 655
516 679
516 687
517 522
517 567
517 599
519 524
519 551
519 556
519 558
519 630
520 606
520 661
520 675
520 677
521 607
521 618
521 646
521 665
521 666
521 681
522 594
522 652
522 664
523 568
523 569
523 575
524 570
524 574
524 619
524 644
524 684
525 565
525 599
525 610
525 655
526 563
526 680
527 580
527 600
527 608
527 661
528 572
528 576
528 658
528 699
529 612
529 655
529 689
529 690
530 534
530 564
530 612
530 682
531 535
531 613
532 669
532 693
533 621
533 673
534 653
535 539
535 641
537 601
537 625
537 649
537 666
537 687
537 698
538 552
538 560
538 648
539 596
539 605
539 649
539 656
540 561
540 689
541 555
541 571
541 610
541 621
541 644
541 686
541 696
542 544
542 571
542 592
542 657
543 600
543 613
543 666
543 685
544 551
544 625
544 641
545 610
545 637
545 680
546 623
546 642
546 677
548 559
548 570
548 588
548 657
548 663
549 562
549 597
549 617
549 626
550 602
551 555
551 580
551 597
552 633
552 658
553 652
553 659
554 577
554 592
554 615
554 621
554 623
554 632
554 654
554 655
555 584
555 607
555 622
555 633
555 646
555 682
556 578
556 644
557 564
557 588
557 614
557 665
558 609
558 623
558 686
559 589
559 614
559 642
559 685
560 562
560 592
560 596
560 616
560 636
560 641
560 658
561 636
561 666
562 632
562 656
564 619
565 588
565 644
565 653
567 682
568 604
569 633
570 573
570 619
570 643
570 670
571 603
571 605
571 659
571 684
572 674
573 583
573 629
574 605
574 686
575 643
575 668
576 605
576 616
576 636
577 589
577 637
578 604
579 621
579 631
579 648
580 607
580 622
580 649
581 590
581 671
581 679
582 612
583 663
583 682
584 669
584 679
586 696
587 597
587 598
587 686
587 691
588 651
588 670
589 634
589 661
589 668
590 628
590 639
592 622
593 605
593 627
594 643
594 654
595 609
595 646
595 661
595 673
596 643
597 653
598 612
599 635
599 643
600 645
600 695
601 621
601 625
602 698
603 658
603 660
603 674
604 648
605 622
605 641
606 626
606 669
607 631
608 693
609 636
611 689
613 664
613 698
614 627
614 651
614 672
614 682
616 651
616 654
617 670
617 685
618 695
619 620
619 624
619 695
620 685
621 648
621 656
622 625
622 647
622 670
623 627
623 645
623 659
623 669
624 687
625 635
626 640
628 642
628 654
628 690
629 656
629 691
630 645
630 683
631 645
631 680
632 633
633 641
633 643
633 646
633 662
633 674
634 650
634 655
634 687
634 697
639 687
641 699
642 685
643 645
643 699
644 659
645 685
645 686
646 663
646 699
647 665
647 681
648 659
648 672
651 672
652 660
652 687
654 659
654 688
655 680
655 696
656 658
656 689
658 676
662 699
663 690
664 669
665 667
665 694
666 699
668 681
669 677
669 683
671 693
673 692
676 696
680 695
681 695
683 686
687 688
695 696
