300
0 90
0 91
0 105
0 121
0 168
1 89
1 155
1 181
1 190
1 247
1 252
1 271
1 299
2 120
2 199
3 24
3 118
3 122
3 288
4 174
4 211
4 255
5 18
5 141
5 160
5 169
5 194
5 240
5 277
6 101
6 113
6 115
6 232
6 258
6 263
6 282
6 295
7 14
7 67
7 129
7 152
7 162
7 185
7 296
8 20
8 23
8 122
8 171
8 279
8 290
9 27
9 84
9 163
9 220
10 13
10 70
10 87
10 135
10 199
10 281
11 17
11 136
11 191
11 192
11 202
11 227
11 259
11 279
12 23
12 75
12 81
12 150
13 25
13 53
13 55
13 198
13 201
13 204
14 17
14 120
14 135
14 137
14 206
15 66
15 96
15 97
15 116
15 253
15 298
16 150
16 283
16 293
17 58
17 96
17 106
17 112
17 160
17 171
17 229
17 288
18 175
18 185
18 228
18 253
18 293
18 295
19 28
19 40
19 176
20 21
20 26
20 33
20 67
20 79
20 99
20 101
20 129
20 145
20 157
20 213
20 216
20 278
20 292
21 80
21 98
21 125
21 163
21 170
21 191
22 30
22 87
22 88
22 194
23 67
23 95
23 190
23 191
23 217
23 218
24 34
24 186
24 265
24 276
24 283
25 144
25 163
25 197
25 275
26 78
26 80
26 83
26 97
26 154
26 161
26 193
26 296
27 35
27 74
27 92
27 197
27 209
27 229
27 263
27 274
27 287
28 108
28 173
28 254
29 249
29 254
30 49
30 166
30 170
30 237
30 276
31 66
31 108
31 131
31 203
31 256
31 270
32 56
32 62
32 85
32 149
32 196
33 82
33 174
33 223
34 41
34 72
34 105
34 128
34 153
34 182
34 206
35 70
35 101
35 162
35 208
35 210
35 222
35 242
35 274
36 64
36 99
36 128
36 227
36 274
37 75
37 164
37 271
37 288
37 293
38 64
38 68
38 99
38 118
38 161
38 162
38 252
38 268
38 281
39 45
39 82
39 95
39 261
40 48
40 87
40 88
40 93
40 149
40 150
40 155
40 196
40 240
41 135
41 165
41 169
41 207
41 225
41 245
42 106
42 134
42 169
42 239
42 253
42 286
43 57
43 127
43 246
43 276
43 279
44 45
44 55
44 151
44 159
44 178
44 243
44 245
44 246
44 247
44 272
45 67
45 97
45 118
45 156
45 220
45 223
45 259
45 264
45 272
46 77
46 116
46 129
46 158
46 177
46 204
47 103
47 121
47 153
47 161
47 200
47 260
47 297
47 299
48 143
48 160
48 182
48 212
49 246
49 272
51 69
51 76
51 196
51 287
51 294
52 77
52 90
52 102
52 151
52 176
53 241
53 292
54 96
54 101
54 105
54 265
55 56
55 67
55 122
55 156
56 154
56 155
56 199
56 216
56 277
56 291
57 62
57 133
57 143
57 148
57 176
58 77
58 93
58 178
58 232
58 276
59 87
59 254
59 297
60 75
60 113
60 163
60 238
60 254
61 120
61 174
61 199
61 263
62 65
62 111
62 164
62 233
63 117
63 284
65 107
65 142
65 220
66 81
66 132
66 134
66 185
66 239
67 84
67 151
67 238
67 251
67 261
68 118
68 234
68 235
68 260
68 265
68 279
69 74
69 95
69 134
69 141
69 149
69 230
69 240
69 250
69 271
70 107
70 108
70 265
70 272
71 80
71 122
71 189
71 221
71 270
71 282
71 287
72 196
72 212
72 241
72 252
72 254
72 257
73 104
73 118
73 128
73 149
73 189
73 232
74 277
75 87
75 173
75 186
75 274
76 160
76 161
76 164
76 184
76 216
76 251
76 255
76 262
78 138
78 223
78 289
78 295
79 175
79 195
79 283
79 284
80 179
80 200
80 236
80 238
80 287
81 111
81 117
81 226
81 250
82 103
82 127
82 142
82 238
83 108
83 127
83 130
83 147
83 165
83 202
84 129
84 139
84 178
84 198
84 213
84 217
84 256
84 260
84 288
84 299
85 246
85 257
85 285
86 164
86 195
88 164
88 250
88 267
88 272
89 103
89 180
89 242
89 250
89 276
89 293
90 126
90 139
90 154
90 284
91 181
92 171
93 98
93 181
93 229
93 245
93 286
94 135
94 156
94 178
94 242
94 288
95 96
95 224
95 251
96 120
96 169
96 200
96 204
97 115
97 147
97 197
97 205
97 216
97 244
97 253
97 258
97 284
98 184
98 238
99 121
99 125
99 131
99 137
99 178
99 203
99 264
100 136
100 146
100 153
100 207
100 219
100 256
100 288
101 216
103 109
103 185
103 259
103 265
103 288
104 110
104 154
104 176
104 243
105 133
105 152
105 155
105 203
105 216
105 261
106 130
107 177
107 264
108 132
108 139
108 158
108 182
108 293
108 296
109 132
109 152
110 156
110 160
110 200
110 228
110 242
110 243
110 259
110 295
111 202
111 289
111 299
112 196
112 197
112 251
112 282
112 299
113 115
113 125
113 161
113 237
113 283
114 144
114 168
114 176
114 273
115 120
115 133
115 174
115 180
115 191
116 216
116 234
116 245
116 265
117 197
117 204
117 225
117 266
118 189
118 294
119 146
119 242
119 266
120 168
120 182
120 243
120 254
121 222
121 261
122 147
122 242
122 273
123 153
123 184
123 197
123 231
123 232
123 245
123 252
125 163
125 168
125 180
125 186
125 224
125 291
126 146
126 175
126 183
126 212
127 158
127 217
127 237
127 240
127 251
127 278
128 179
128 274
128 292
129 133
129 135
129 197
129 228
129 240
129 270
130 146
130 172
130 285
131 152
131 216
131 256
132 137
132 175
133 171
133 175
133 177
133 238
134 271
134 276
135 195
135 223
135 247
136 231
136 252
137 146
137 150
137 219
137 231
137 254
137 299
138 269
138 278
140 159
140 182
140 189
140 230
140 297
141 166
141 169
141 181
141 261
142 244
143 205
143 236
143 264
144 174
144 180
144 203
144 274
145 195
145 219
145 274
146 196
146 245
147 194
147 202
148 168
148 203
148 229
148 254
149 214
149 232
149 253
150 172
150 181
150 215
150 227
150 255
150 290
151 255
152 153
152 197
152 202
152 297
153 196
153 234
154 228
154 274
155 205
155 213
155 217
155 277
155 290
156 197
156 257
157 227
158 187
158 198
158 201
158 214
158 287
159 172
159 208
159 214
160 215
160 296
161 166
162 211
162 228
162 261
162 274
164 185
164 210
164 240
164 243
165 226
165 263
166 182
166 294
167 262
167 289
168 269
169 197
169 221
169 226
169 238
169 246
169 268
170 195
170 209
170 281
170 296
171 186
171 195
171 255
171 267
171 277
172 254
172 263
173 174
173 198
173 276
173 284
174 267
174 293
175 202
175 232
175 263
175 294
176 195
176 247
176 249
176 252
176 270
177 195
177 218
177 240
177 251
177 294
178 185
178 210
178 225
178 253
178 256
178 282
179 185
179 261
179 265
180 227
180 236
180 263
181 237
181 270
181 292
181 295
182 190
182 298
183 277
184 185
185 221
185 234
185 269
186 209
186 258
186 286
187 237
187 266
188 195
188 238
189 224
189 238
191 198
191 216
191 226
191 231
191 234
191 245
191 247
191 249
191 279
192 202
192 274
193 263
194 253
194 263
195 292
195 295
196 206
196 215
196 219
196 254
197 221
197 282
198 202
198 208
199 237
199 262
199 285
199 297
200 258
201 264
202 220
203 255
203 284
205 234
207 233
207 234
207 247
207 265
208 237
208 273
209 269
209 292
210 220
210 239
212 239
213 293
214 270
214 275
215 225
217 221
217 224
217 241
217 245
217 272
217 274
220 235
220 286
222 230
222 298
223 224
223 226
223 235
224 253
226 240
226 294
227 268
227 269
227 296
229 240
229 281
229 284
230 295
231 259
231 260
231 285
232 275
233 284
233 286
233 293
234 273
234 280
234 286
235 251
235 271
235 298
236 263
236 288
237 288
238 258
238 281
239 253
239 265
240 277
241 256
242 245
242 274
243 260
245 253
246 263
246 296
247 292
248 263
250 286
251 252
252 277
257 294
257 299
259 269
260 287
261 280
261 288
261 293
263 275
263 284
264 284
266 273
267 273
267 282
268 274
270 293
271 292
274 275
277 288
278 292
280 289
