1100
0 77
0 192
0 210
0 211
0 229
0 298
0 326
0 373
0 452
0 480
0 512
0 514
0 522
0 571
0 585
0 681
0 718
0 748
0 774
0 804
0 831
0 853
0 869
0 941
0 1003
0 1040
1 63
1 81
1 115
1 165
1 193
1 288
1 400
1 526
1 554
1 562
1 567
1 579
1 614
1 707
1 772
1 809
1 855
1 878
1 883
1 1057
1 1066
2 25
2 51
2 133
2 275
2 286
2 351
2 571
2 580
2 610
2 663
2 679
2 790
2 882
2 899
2 965
2 1045
3 242
3 260
3 272
3 316
3 330
3 339
3 348
3 352
3 368
3 470
3 563
3 566
3 603
3 609
3 633
3 636
3 673
3 682
3 702
3 721
3 730
3 733
3 850
3 865
3 897
3 907
3 1035
3 1073
4 76
4 120
4 129
4 233
4 285
4 310
4 320
4 328
4 366
4 375
4 500
4 659
4 675
4 680
4 792
4 837
4 889
4 901
4 932
4 982
4 1011
4 1077
4 1078
4 1079
5 25
5 57
5 61
5 93
5 116
5 145
5 228
5 247
5 248
5 258
5 269
5 335
5 342
5 357
5 375
5 410
5 457
5 531
5 536
5 585
5 765
5 809
5 813
5 873
5 919
5 925
5 995
5 1015
5 1017
5 1093
6 16
6 47
6 69
6 123
6 151
6 198
6 313
6 421
6 458
6 465
6 472
6 554
6 576
6 581
6 636
6 761
6 762
6 782
6 791
6 834
6 852
6 858
6 871
6 887
6 915
6 932
6 974
6 1049
6 1080
6 1085
7 15
7 68
7 88
7 92
7 117
7 132
7 205
7 259
7 282
7 285
7 356
7 385
7 454
7 496
7 576
7 602
7 666
7 773
7 819
7 833
7 920
7 1008
7 1015
7 1017
7 1024
7 1040
7 1044
7 1059
7 1074
8 112
8 122
8 182
8 191
8 225
8 233
8 243
8 304
8 323
8 343
8 372
8 382
8 488
8 493
8 631
8 654
8 665
8 715
8 728
8 745
8 824
8 858
8 913
8 953
8 977
8 988
9 68
9 240
9 257
9 313
9 365
9 418
9 610
9 654
9 656
9 672
9 682
9 741
9 746
9 939
9 1055
9 1092
10 56
10 67
10 114
10 292
10 374
10 433
10 527
10 528
10 578
10 585
10 654
10 774
10 819
10 890
10 1042
10 1098
11 83
11 85
11 151
11 178
11 313
11 369
11 431
11 489
11 588
11 634
11 663
11 797
11 828
11 868
11 918
11 922
11 969
11 1045
12 56
12 70
12 82
12 166
12 197
12 226
12 312
12 390
12 402
12 408
12 471
12 508
12 551
12 592
12 688
12 727
12 738
12 786
12 823
12 842
12 881
12 887
12 941
12 942
12 987
12 1030
13 122
13 209
13 392
13 427
13 456
13 512
13 526
13 759
13 826
13 835
13 854
13 889
13 950
13 953
13 987
13 1003
13 1008
13 1044
13 1059
14 86
14 90
14 95
14 151
14 219
14 227
14 249
14 265
14 319
14 382
14 384
14 440
14 468
14 487
14 503
14 618
14 628
14 659
14 679
14 681
14 714
14 723
14 880
14 929
14 958
14 978
14 1034
14 1049
14 1081
15 25
15 173
15 253
15 350
15 419
15 580
15 657
15 666
15 672
15 727
15 741
15 782
15 905
15 961
15 967
15 1029
15 1051
15 1059
16 33
16 96
16 99
16 168
16 238
16 263
16 327
16 339
16 481
16 545
16 573
16 582
16 612
16 668
16 671
16 678
16 697
16 699
16 740
16 944
16 950
16 998
17 60
17 62
17 100
17 154
17 183
17 375
17 433
17 483
17 521
17 667
17 709
17 811
17 849
17 860
17 897
17 900
17 908
17 915
17 1043
18 117
18 343
18 358
18 384
18 421
18 455
18 507
18 524
18 531
18 698
18 838
18 854
18 932
19 29
19 67
19 265
19 290
19 341
19 434
19 464
19 626
19 741
19 788
19 800
19 808
19 829
19 875
19 901
19 980
19 998
19 1005
20 40
20 77
20 124
20 160
20 170
20 193
20 265
20 279
20 293
20 397
20 402
20 478
20 521
20 584
20 630
20 657
20 681
20 724
20 739
20 782
20 803
20 857
20 861
20 904
20 910
20 954
20 978
20 1023
20 1043
21 22
21 29
21 32
21 151
21 265
21 267
21 310
21 341
21 359
21 370
21 456
21 610
21 650
21 655
21 690
21 739
21 809
21 835
21 901
21 924
21 953
21 997
21 1094
22 72
22 110
22 125
22 141
22 187
22 276
22 280
22 308
22 384
22 451
22 469
22 574
22 683
22 738
22 774
22 809
22 835
22 870
22 879
22 898
22 1088
23 62
23 139
23 189
23 197
23 266
23 450
23 550
23 665
23 742
23 784
23 828
23 854
23 994
23 1055
23 1057
23 1086
24 33
24 56
24 78
24 104
24 113
24 175
24 226
24 246
24 275
24 282
24 390
24 391
24 396
24 417
24 444
24 520
24 621
24 625
24 695
24 705
24 708
24 813
24 840
24 854
24 891
24 900
24 926
24 941
24 984
24 990
24 1038
24 1088
25 32
25 62
25 157
25 166
25 241
25 326
25 332
25 434
25 449
25 470
25 492
25 542
25 567
25 609
25 685
25 754
25 758
25 831
25 834
25 951
25 957
26 188
26 194
26 263
26 275
26 293
26 490
26 522
26 614
26 632
26 654
26 720
26 765
26 792
26 838
26 860
26 877
26 910
26 923
26 950
26 954
26 1057
27 41
27 302
27 313
27 326
27 331
27 337
27 353
27 432
27 468
27 539
27 577
27 581
27 606
27 665
27 689
27 721
27 729
27 736
27 742
27 809
27 876
27 915
27 949
27 1012
27 1024
27 1068
28 55
28 67
28 173
28 195
28 303
28 369
28 436
28 511
28 525
28 529
28 552
28 641
28 659
28 686
28 703
28 900
28 998
29 89
29 133
29 138
29 190
29 272
29 294
29 355
29 366
29 383
29 500
29 506
29 550
29 586
29 594
29 715
29 732
29 735
29 749
29 781
29 854
29 940
29 1048
30 184
30 323
30 353
30 354
30 396
30 405
30 447
30 468
30 469
30 486
30 558
30 582
30 652
30 709
30 775
30 916
30 932
30 954
30 1088
31 52
31 63
31 65
31 154
31 181
31 313
31 316
31 373
31 472
31 482
31 501
31 528
31 530
31 558
31 582
31 597
31 677
31 708
31 759
31 770
31 840
31 864
31 905
31 983
31 1035
32 106
32 238
32 249
32 251
32 277
32 466
32 469
32 502
32 523
32 554
32 561
32 671
32 692
32 715
32 739
32 879
32 883
32 951
32 970
32 1070
33 67
33 119
33 149
33 233
33 264
33 328
33 332
33 354
33 408
33 486
33 502
33 557
33 575
33 602
33 660
33 679
33 708
33 887
33 904
33 954
33 975
33 1075
34 83
34 152
34 196
34 197
34 208
34 352
34 369
34 393
34 398
34 438
34 488
34 657
34 723
34 738
34 807
34 829
34 832
34 833
34 890
34 913
34 928
34 947
34 969
34 1009
34 1019
34 1023
35 79
35 120
35 254
35 308
35 334
35 392
35 438
35 630
35 737
35 993
35 1002
35 1043
35 1062
35 1063
36 41
36 99
36 214
36 226
36 230
36 367
36 417
36 431
36 443
36 446
36 484
36 493
36 498
36 829
36 968
36 1020
36 1021
36 1033
36 1039
36 1066
37 107
37 139
37 190
37 346
37 374
37 417
37 424
37 438
37 452
37 461
37 511
37 582
37 596
37 601
37 605
37 707
37 852
37 863
37 915
37 940
37 963
37 972
37 986
37 1001
37 1030
38 59
38 98
38 162
38 188
38 250
38 261
38 329
38 352
38 376
38 418
38 472
38 505
38 522
38 566
38 625
38 627
38 693
38 753
38 769
38 835
38 920
38 926
38 950
38 955
38 1006
39 63
39 242
39 317
39 421
39 472
39 550
39 576
39 667
39 723
39 767
39 830
39 848
39 871
39 885
39 903
39 1009
39 1067
40 171
40 295
40 334
40 356
40 380
40 449
40 458
40 475
40 517
40 541
40 565
40 594
40 603
40 625
40 646
40 753
40 947
40 1017
40 1064
41 83
41 96
41 101
41 138
41 243
41 363
41 373
41 434
41 505
41 524
41 621
41 633
41 643
41 651
41 692
41 731
41 852
41 881
41 975
41 987
41 1021
41 1041
42 124
42 163
42 316
42 351
42 389
42 413
42 419
42 507
42 605
42 609
42 644
42 721
42 741
42 742
42 758
42 814
42 823
42 839
42 858
42 881
42 912
42 987
42 998
42 1003
43 47
43 91
43 134
43 160
43 260
43 304
43 432
43 488
43 526
43 546
43 633
43 730
43 763
43 866
43 979
43 1026
43 1074
43 1079
44 58
44 61
44 143
44 191
44 205
44 271
44 342
44 420
44 450
44 453
44 484
44 507
44 515
44 587
44 635
44 751
44 816
44 826
44 911
44 950
44 976
44 1088
45 82
45 89
45 181
45 233
45 237
45 262
45 317
45 326
45 543
45 767
45 843
45 855
45 928
45 996
45 1020
45 1036
46 107
46 128
46 140
46 338
46 350
46 363
46 394
46 401
46 464
46 474
46 594
46 644
46 668
46 683
46 712
46 722
46 765
46 801
46 803
46 839
46 884
46 888
46 935
46 951
46 1023
46 1035
46 1038
46 1080
47 179
47 182
47 244
47 279
47 417
47 425
47 499
47 518
47 558
47 559
47 567
47 571
47 720
47 742
47 771
47 817
47 848
47 1046
47 1072
48 228
48 267
48 269
48 401
48 416
48 548
48 590
48 671
48 832
48 920
48 923
48 961
48 996
48 1011
49 53
49 231
49 234
49 238
49 278
49 308
49 417
49 484
49 501
49 541
49 708
49 744
49 745
49 747
49 754
49 781
49 857
49 880
49 1038
50 91
50 100
50 138
50 224
50 294
50 332
50 355
50 482
50 502
50 552
50 582
50 621
50 622
50 718
50 738
50 825
50 846
50 914
50 1059
51 76
51 99
51 115
51 125
51 288
51 452
51 529
51 577
51 762
51 810
51 817
51 841
51 854
51 886
52 108
52 135
52 197
52 245
52 394
52 420
52 453
52 479
52 571
52 623
52 634
52 645
52 689
52 749
52 916
52 946
52 952
53 118
53 145
53 169
53 177
53 201
53 220
53 263
53 296
53 451
53 476
53 584
53 591
53 727
53 809
53 826
53 944
53 952
53 986
53 1062
54 132
54 207
54 229
54 325
54 405
54 409
54 428
54 538
54 601
54 603
54 620
54 663
54 747
54 767
54 768
54 887
54 941
54 994
54 996
54 1086
54 1089
55 56
55 87
55 122
55 145
55 218
55 272
55 355
55 380
55 404
55 477
55 478
55 533
55 672
55 697
55 720
55 815
55 872
55 909
55 921
55 941
55 986
55 989
55 1060
55 1067
56 123
56 164
56 169
56 177
56 200
56 202
56 216
56 238
56 261
56 266
56 293
56 304
56 343
56 385
56 420
56 565
56 737
56 770
56 782
56 910
56 1027
56 1089
57 76
57 100
57 104
57 189
57 192
57 244
57 327
57 353
57 423
57 446
57 450
57 488
57 489
57 517
57 546
57 571
57 603
57 617
57 703
57 746
57 748
57 776
57 838
57 945
57 970
57 971
57 1004
58 407
58 556
58 563
58 575
58 614
58 754
59 125
59 130
59 169
59 342
59 349
59 381
59 439
59 553
59 682
59 921
59 929
59 995
59 996
59 1004
60 74
60 79
60 102
60 186
60 193
60 220
60 222
60 263
60 392
60 412
60 438
60 467
60 478
60 776
60 801
60 807
60 824
60 826
60 831
60 834
60 837
60 886
60 924
60 959
60 962
60 971
60 1046
60 1066
60 1067
61 133
61 146
61 257
61 323
61 391
61 562
61 801
61 809
61 835
61 881
61 911
61 913
61 936
61 953
61 954
61 959
61 1073
61 1083
61 1096
62 195
62 270
62 307
62 401
62 473
62 503
62 517
62 573
62 577
62 616
62 684
62 712
62 775
62 863
62 867
62 916
62 949
62 951
62 968
62 998
62 1008
62 1011
62 1041
63 182
63 188
63 214
63 238
63 344
63 395
63 490
63 506
63 542
63 588
63 672
63 684
63 702
63 753
63 769
63 828
63 930
63 954
63 990
64 93
64 112
64 132
64 156
64 168
64 179
64 249
64 355
64 358
64 456
64 494
64 529
64 578
64 582
64 651
64 653
64 683
64 729
64 765
64 848
64 900
64 1037
64 1043
64 1055
64 1060
64 1073
65 80
65 131
65 154
65 157
65 168
65 265
65 271
65 298
65 312
65 366
65 424
65 477
65 518
65 530
65 555
65 681
65 698
65 725
65 745
65 804
65 853
65 938
65 970
65 1014
65 1047
65 1058
66 83
66 84
66 91
66 121
66 137
66 190
66 303
66 343
66 419
66 503
66 548
66 588
66 617
66 700
66 728
66 816
66 853
66 933
66 987
66 991
66 1059
67 116
67 242
67 418
67 419
67 515
67 545
67 589
67 641
67 652
67 653
67 685
67 888
67 991
67 997
67 1033
67 1035
67 1090
67 1095
68 76
68 84
68 216
68 270
68 414
68 477
68 488
68 508
68 510
68 550
68 563
68 657
68 714
68 719
68 762
68 790
68 909
68 910
68 913
68 914
68 917
68 931
69 71
69 112
69 163
69 166
69 215
69 220
69 245
69 360
69 376
69 393
69 408
69 412
69 425
69 473
69 625
69 663
69 779
69 801
69 815
69 858
69 865
69 985
69 998
69 1020
69 1079
70 71
70 72
70 120
70 131
70 207
70 215
70 241
70 242
70 365
70 480
70 599
70 601
70 610
70 620
70 629
70 682
70 867
70 875
70 1021
70 1072
70 1093
71 92
71 136
71 201
71 324
71 420
71 463
71 481
71 499
71 515
71 522
71 595
71 605
71 705
71 765
71 869
71 949
71 952
71 999
71 1008
72 84
72 86
72 114
72 124
72 145
72 326
72 332
72 341
72 518
72 570
72 682
72 689
72 721
72 759
72 782
72 939
72 1023
73 126
73 132
73 193
73 206
73 211
73 238
73 276
73 300
73 352
73 424
73 556
73 573
73 595
73 641
73 656
73 659
73 669
73 769
73 771
73 858
73 901
73 976
73 986
74 100
74 110
74 112
74 261
74 263
74 498
74 505
74 601
74 849
74 914
74 921
74 931
74 979
74 1045
75 116
75 199
75 277
75 407
75 416
75 463
75 520
75 598
75 762
75 782
75 800
75 846
75 904
75 994
75 1007
75 1071
76 81
76 157
76 185
76 260
76 300
76 307
76 336
76 390
76 432
76 460
76 488
76 536
76 582
76 686
76 776
76 790
76 832
76 850
76 864
76 1006
77 197
77 232
77 242
77 300
77 419
77 442
77 477
77 528
77 551
77 592
77 728
77 797
77 928
77 1040
77 1053
78 149
78 289
78 358
78 376
78 401
78 453
78 465
78 526
78 578
78 609
78 627
78 669
78 684
78 714
78 784
78 844
78 938
78 1087
79 217
79 243
79 376
79 449
79 474
79 553
79 592
79 635
79 744
79 839
79 864
79 966
79 988
79 998
79 1021
79 1042
79 1092
80 90
80 105
80 249
80 297
80 303
80 304
80 311
80 379
80 380
80 545
80 648
80 660
80 883
80 939
80 990
80 997
80 1009
80 1029
80 1032
80 1062
80 1067
81 92
81 150
81 176
81 257
81 280
81 483
81 561
81 679
81 768
81 770
81 796
81 832
81 891
81 927
81 947
81 993
81 1022
81 1061
81 1095
82 99
82 237
82 247
82 317
82 345
82 347
82 425
82 468
82 471
82 515
82 594
82 603
82 649
82 659
82 666
82 670
82 710
82 730
82 824
82 858
82 910
82 913
82 956
82 983
82 998
82 1049
82 1057
82 1070
83 138
83 143
83 167
83 169
83 199
83 344
83 374
83 525
83 527
83 574
83 588
83 705
83 814
83 817
83 818
83 825
83 909
83 916
83 1013
83 1033
83 1039
83 1053
84 92
84 138
84 161
84 219
84 272
84 396
84 467
84 616
84 621
84 665
84 729
84 731
84 737
84 768
84 797
84 805
84 810
84 865
84 918
84 923
84 950
84 986
84 995
84 1010
84 1031
85 243
85 286
85 299
85 305
85 343
85 348
85 371
85 405
85 585
85 593
85 597
85 615
85 713
85 735
85 785
85 820
85 856
85 867
85 927
85 958
85 995
85 1045
86 142
86 164
86 203
86 217
86 281
86 294
86 444
86 497
86 578
86 647
86 677
86 713
86 795
86 978
86 1002
86 1081
87 91
87 149
87 239
87 286
87 361
87 362
87 512
87 520
87 525
87 542
87 570
87 604
87 652
87 669
87 697
87 795
87 829
87 922
87 1039
87 1073
88 164
88 183
88 246
88 362
88 364
88 395
88 401
88 444
88 450
88 451
88 516
88 538
88 543
88 577
88 624
88 637
88 668
88 731
88 762
88 844
88 859
88 880
88 999
88 1053
88 1069
89 94
89 261
89 319
89 429
89 462
89 481
89 532
89 536
89 642
89 700
89 708
89 740
89 800
89 813
89 834
89 847
89 875
89 876
89 895
89 987
90 123
90 205
90 287
90 302
90 379
90 394
90 430
90 444
90 507
90 530
90 687
90 834
90 880
90 891
90 894
90 902
90 930
90 946
90 963
90 1006
91 160
91 190
91 204
91 320
91 325
91 350
91 421
91 439
91 507
91 532
91 534
91 562
91 777
91 818
91 848
91 948
91 969
91 981
91 984
91 1040
92 99
92 100
92 119
92 133
92 158
92 287
92 315
92 325
92 366
92 407
92 411
92 438
92 487
92 540
92 642
92 647
92 707
92 846
92 899
92 906
92 921
92 958
92 1028
92 1047
92 1079
92 1093
93 168
93 186
93 239
93 291
93 326
93 543
93 610
93 731
93 752
93 813
93 855
93 1009
93 1096
94 121
94 298
94 306
94 377
94 404
94 470
94 568
94 577
94 683
94 694
94 732
94 788
94 876
94 974
94 1074
94 1075
95 126
95 131
95 142
95 251
95 332
95 381
95 498
95 596
95 668
95 694
95 696
95 718
95 725
95 742
95 992
95 1008
96 105
96 178
96 209
96 238
96 280
96 434
96 472
96 480
96 501
96 552
96 573
96 693
96 759
96 842
96 956
96 1057
97 136
97 152
97 232
97 253
97 375
97 407
97 531
97 625
97 721
97 734
97 848
97 892
97 954
97 969
97 977
97 992
97 1081
98 117
98 150
98 193
98 196
98 251
98 257
98 359
98 423
98 433
98 434
98 475
98 490
98 491
98 499
98 543
98 575
98 707
98 729
98 738
98 895
98 913
98 956
98 974
98 1046
98 1088
99 183
99 234
99 235
99 240
99 294
99 350
99 401
99 442
99 519
99 596
99 614
99 819
99 834
99 1081
99 1088
100 118
100 177
100 250
100 337
100 409
100 502
100 515
100 516
100 534
100 581
100 589
100 654
100 658
100 737
100 883
100 1006
100 1053
100 1072
101 112
101 153
101 209
101 266
101 309
101 347
101 510
101 613
101 694
101 696
101 712
101 718
101 722
101 766
101 793
101 806
101 835
101 851
101 872
101 895
101 900
101 949
101 974
101 1018
101 1030
101 1093
101 1098
102 167
102 228
102 262
102 318
102 319
102 330
102 393
102 528
102 574
102 676
102 757
102 787
102 816
102 834
102 888
102 1032
102 1044
102 1050
103 106
103 151
103 188
103 300
103 349
103 374
103 421
103 452
103 520
103 535
103 573
103 594
103 618
103 652
103 795
103 840
103 902
103 918
103 922
103 1070
103 1085
103 1099
104 109
104 116
104 129
104 266
104 291
104 322
104 407
104 414
104 424
104 457
104 491
104 603
104 633
104 664
104 687
104 742
104 756
104 779
104 795
104 888
104 974
104 978
104 1015
104 1078
105 149
105 198
105 203
105 317
105 402
105 424
105 452
105 512
105 524
105 589
105 637
105 704
105 726
105 744
105 748
105 794
105 911
105 1049
106 191
106 379
106 455
106 456
106 491
106 492
106 496
106 608
106 809
106 820
106 826
106 843
106 866
106 1001
106 1084
106 1093
107 178
107 215
107 243
107 313
107 328
107 402
107 525
107 567
107 655
107 679
107 735
107 837
107 912
107 942
107 963
107 1005
107 1007
107 1011
107 1057
107 1093
108 124
108 250
108 310
108 312
108 317
108 360
108 367
108 382
108 432
108 454
108 472
108 806
108 810
108 812
108 831
108 848
108 868
108 1005
109 113
109 234
109 265
109 296
109 322
109 363
109 386
109 390
109 499
109 521
109 550
109 551
109 667
109 678
109 704
109 713
109 718
109 739
109 745
109 751
109 954
109 958
109 988
109 1027
109 1065
110 191
110 195
110 233
110 326
110 335
110 347
110 353
110 365
110 367
110 371
110 435
110 466
110 488
110 490
110 660
110 747
110 777
110 825
110 832
110 874
110 983
111 119
111 210
111 228
111 232
111 271
111 333
111 396
111 551
111 557
111 727
111 839
111 862
111 926
111 934
111 951
111 1016
111 1024
111 1040
112 148
112 201
112 235
112 288
112 314
112 354
112 362
112 413
112 426
112 481
112 484
112 486
112 705
112 747
112 774
112 809
112 855
112 915
112 917
112 1052
113 162
113 177
113 313
113 372
113 378
113 392
113 395
113 407
113 424
113 511
113 525
113 653
113 676
113 761
113 813
113 822
113 845
114 165
114 211
114 287
114 335
114 391
114 481
114 520
114 584
114 722
114 735
114 759
114 850
114 863
114 954
114 976
114 1009
114 1027
115 123
115 200
115 245
115 246
115 315
115 347
115 421
115 587
115 617
115 631
115 645
115 661
115 685
115 711
115 736
115 737
115 760
115 762
115 840
115 844
115 887
115 903
115 921
115 991
115 1071
116 300
116 308
116 417
116 431
116 521
116 557
116 585
116 608
116 681
116 719
116 742
116 766
116 845
116 852
116 884
116 907
116 1090
117 158
117 208
117 263
117 295
117 307
117 343
117 401
117 516
117 618
117 669
117 713
117 779
117 812
117 819
117 889
117 1035
117 1038
118 221
118 235
118 265
118 276
118 304
118 316
118 339
118 540
118 599
118 607
118 663
118 684
118 692
118 694
118 706
118 992
118 998
119 214
119 248
119 366
119 453
119 511
119 544
119 618
119 652
119 710
119 802
119 838
119 863
119 962
119 974
119 987
119 989
119 1017
119 1023
119 1034
120 204
120 235
120 260
120 320
120 368
120 384
120 400
120 473
120 571
120 618
120 624
120 693
120 847
120 918
120 953
120 1040
120 1065
121 123
121 222
121 269
121 307
121 388
121 400
121 424
121 449
121 627
121 747
121 762
121 771
121 828
121 866
121 868
121 876
121 1013
121 1032
121 1080
122 147
122 162
122 219
122 245
122 253
122 262
122 301
122 348
122 355
122 358
122 392
122 408
122 422
122 465
122 485
122 528
122 584
122 679
122 698
122 714
122 750
122 769
122 775
122 823
122 846
122 849
122 862
122 902
122 949
122 973
122 986
122 1045
122 1051
122 1064
123 133
123 176
123 191
123 249
123 301
123 308
123 377
123 407
123 441
123 547
123 560
123 573
123 623
123 872
123 873
123 911
123 947
123 993
123 1049
123 1054
124 174
124 358
124 393
124 424
124 601
124 614
124 644
124 716
124 762
124 765
124 812
124 823
124 829
124 837
124 848
124 976
124 988
124 1060
124 1075
125 174
125 271
125 328
125 335
125 354
125 393
125 429
125 534
125 595
125 606
125 607
125 611
125 646
125 710
125 804
125 899
125 960
125 991
125 993
125 998
125 1036
125 1053
126 253
126 319
126 322
126 352
126 361
126 415
126 444
126 475
126 534
126 544
126 601
126 638
126 694
126 715
126 759
126 788
126 789
126 809
126 842
126 870
126 884
126 893
126 899
126 901
126 935
126 971
126 1028
126 1029
126 1065
126 1091
127 168
127 200
127 226
127 255
127 380
127 388
127 392
127 412
127 417
127 437
127 467
127 484
127 485
127 511
127 559
127 659
127 833
127 930
127 952
127 983
127 1048
127 1068
128 142
128 176
128 187
128 201
128 209
128 219
128 221
128 252
128 285
128 292
128 403
128 432
128 507
128 648
128 670
128 681
128 744
128 786
128 810
128 815
128 846
128 851
128 860
128 897
128 915
128 920
128 953
128 1060
129 143
129 151
129 280
129 293
129 299
129 306
129 337
129 435
129 457
129 472
129 530
129 597
129 605
129 685
129 770
129 823
129 862
129 935
129 943
129 999
130 138
130 157
130 288
130 342
130 372
130 424
130 457
130 475
130 501
130 628
130 724
130 853
130 874
130 898
130 924
130 938
130 1003
130 1015
130 1099
131 141
131 191
131 255
131 373
131 383
131 395
131 460
131 470
131 520
131 607
131 759
131 795
131 863
131 973
132 211
132 230
132 599
132 657
132 724
132 727
132 752
132 775
132 819
132 927
132 928
132 1023
132 1069
132 1072
132 1095
133 341
133 398
133 603
133 632
133 640
133 690
133 750
133 766
133 796
133 812
133 844
133 974
134 275
134 295
134 348
134 370
134 372
134 405
134 482
134 498
134 500
134 635
134 654
134 667
134 726
134 793
134 803
134 818
134 863
134 908
134 935
134 1026
134 1032
134 1047
134 1059
134 1063
135 167
135 197
135 489
135 511
135 562
135 733
135 790
135 809
135 842
135 876
135 905
135 977
135 1002
136 205
136 245
136 251
136 359
136 363
136 427
136 481
136 487
136 554
136 624
136 705
136 807
136 844
136 859
136 945
136 990
136 1025
137 197
137 232
137 325
137 338
137 366
137 419
137 421
137 512
137 529
137 585
137 649
137 680
137 699
137 743
137 919
138 149
138 214
138 261
138 331
138 410
138 456
138 502
138 538
138 635
138 886
138 1027
138 1029
138 1047
138 1096
139 159
139 173
139 193
139 265
139 313
139 316
139 321
139 414
139 438
139 490
139 515
139 619
139 669
139 680
139 825
139 827
139 877
139 1025
139 1067
140 165
140 259
140 382
140 388
140 481
140 495
140 498
140 527
140 556
140 583
140 614
140 881
140 892
140 946
140 948
140 952
140 984
140 1039
141 202
141 210
141 235
141 236
141 310
141 323
141 759
141 863
141 870
141 874
141 963
141 973
141 991
141 1010
141 1057
142 178
142 243
142 246
142 378
142 394
142 410
142 412
142 453
142 498
142 543
142 549
142 555
142 571
142 634
142 640
142 675
142 684
142 816
142 922
142 967
143 192
143 202
143 245
143 283
143 289
143 397
143 420
143 430
143 514
143 591
143 692
143 818
143 908
143 910
143 934
143 1005
143 1075
144 162
144 209
144 353
144 410
144 443
144 458
144 466
144 474
144 566
144 628
144 659
144 717
144 755
144 845
144 846
144 914
144 959
144 972
144 975
144 990
144 1027
145 146
145 176
145 182
145 194
145 236
145 239
145 248
145 258
145 358
145 367
145 419
145 441
145 460
145 541
145 553
145 578
145 581
145 588
145 673
145 684
145 772
145 813
145 894
145 989
145 999
145 1072
145 1074
146 163
146 179
146 255
146 345
146 396
146 435
146 436
146 438
146 454
146 491
146 553
146 555
146 572
146 583
146 648
146 672
146 713
146 717
146 759
146 813
146 879
146 938
146 948
146 956
146 1082
147 332
147 389
147 396
147 422
147 424
147 426
147 521
147 626
147 632
147 636
147 662
147 676
147 717
147 734
147 801
147 827
147 906
147 1092
148 180
148 198
148 203
148 221
148 302
148 341
148 423
148 613
148 635
148 669
148 742
148 819
148 912
148 925
148 940
148 964
148 1068
149 152
149 153
149 175
149 265
149 287
149 289
149 297
149 304
149 340
149 396
149 421
149 423
149 480
149 504
149 540
149 653
149 721
149 722
149 731
149 914
149 922
149 989
149 1021
149 1038
149 1077
149 1078
150 183
150 213
150 246
150 348
150 404
150 406
150 456
150 520
150 544
150 592
150 634
150 651
150 664
150 665
150 671
150 682
150 689
150 717
150 794
150 818
150 839
150 880
150 1020
150 1054
150 1060
151 260
151 301
151 349
151 375
151 382
151 388
151 504
151 539
151 568
151 581
151 588
151 629
151 657
151 719
151 788
151 835
151 888
151 898
151 947
151 1052
151 1063
151 1075
152 216
152 245
152 248
152 305
152 341
152 368
152 370
152 521
152 596
152 624
152 664
152 709
152 750
152 813
152 816
152 825
152 900
152 961
152 975
152 992
152 1023
152 1064
153 173
153 311
153 348
153 395
153 433
153 447
153 470
153 487
153 488
153 514
153 539
153 559
153 603
153 669
153 691
153 814
153 834
153 924
153 965
153 984
153 1014
154 298
154 436
154 462
154 644
154 649
154 740
154 779
154 918
154 952
154 970
154 971
154 1067
155 167
155 329
155 398
155 412
155 523
155 528
155 535
155 635
155 716
155 719
155 740
155 777
155 786
155 800
155 893
155 950
155 1036
155 1096
156 214
156 316
156 595
156 612
156 614
156 627
156 668
156 669
156 741
156 850
156 874
156 957
156 1052
156 1076
156 1077
156 1097
157 274
157 315
157 320
157 349
157 385
157 389
157 440
157 473
157 537
157 570
157 591
157 596
157 627
157 654
157 719
157 735
157 760
157 918
157 956
157 962
157 967
157 1003
157 1075
157 1078
158 218
158 259
158 282
158 325
158 421
158 522
158 540
158 542
158 652
158 777
158 859
158 879
158 925
158 1001
159 163
159 290
159 307
159 481
159 546
159 584
159 600
159 634
159 650
159 676
159 724
159 791
159 792
159 801
159 826
159 871
159 886
159 910
159 941
159 960
160 308
160 339
160 360
160 428
160 507
160 514
160 516
160 552
160 559
160 622
160 729
160 732
160 747
160 759
160 778
160 836
160 865
160 900
160 927
160 1008
160 1018
160 1054
160 1071
161 284
161 318
161 371
161 484
161 832
161 867
161 994
162 167
162 168
162 275
162 278
162 303
162 314
162 468
162 584
162 613
162 640
162 655
162 775
162 809
162 810
162 898
162 948
162 995
162 999
162 1048
162 1052
163 260
163 264
163 332
163 348
163 354
163 375
163 425
163 456
163 483
163 520
163 535
163 578
163 609
163 647
163 706
163 743
163 753
163 810
163 847
163 850
163 873
163 898
164 203
164 498
164 549
164 580
164 665
164 673
164 682
164 685
164 737
164 851
164 958
164 989
164 1011
164 1098
165 232
165 262
165 282
165 469
165 542
165 596
165 642
165 647
165 699
165 832
165 902
165 988
165 1062
166 255
166 258
166 320
166 374
166 424
166 563
166 612
166 625
166 658
166 667
166 690
166 742
166 848
166 907
166 923
166 937
166 989
166 1060
167 194
167 244
167 276
167 362
167 379
167 502
167 537
167 543
167 607
167 758
167 760
167 768
167 836
167 921
167 1011
167 1032
167 1061
167 1082
168 174
168 182
168 212
168 273
168 292
168 444
168 465
168 476
168 499
168 553
168 591
168 609
168 629
168 667
168 668
168 677
168 680
168 716
168 808
168 892
168 939
168 1017
168 1022
169 223
169 239
169 269
169 303
169 306
169 449
169 471
169 477
169 510
169 540
169 573
169 666
169 745
169 788
169 838
169 841
169 850
169 893
169 910
169 1008
169 1013
169 1044
170 182
170 300
170 431
170 444
170 510
170 516
170 548
170 558
170 595
170 681
170 724
170 745
170 749
170 757
170 944
170 952
170 978
170 1079
171 218
171 359
171 388
171 410
171 422
171 426
171 441
171 520
171 554
171 687
171 726
171 817
171 827
171 933
171 967
171 972
172 183
172 292
172 321
172 336
172 500
172 510
172 646
172 672
172 708
172 711
172 787
172 820
172 968
172 1022
172 1064
172 1092
173 235
173 388
173 533
173 628
173 641
173 722
173 741
173 751
173 754
173 920
174 177
174 318
174 402
174 426
174 437
174 446
174 482
174 523
174 580
174 614
174 636
174 642
174 650
174 792
174 865
174 867
174 974
174 1000
174 1041
174 1078
174 1093
175 183
175 464
175 507
175 516
175 583
175 617
175 662
175 665
175 678
175 708
175 736
175 797
175 845
175 881
175 1032
176 379
176 385
176 433
176 491
176 510
176 638
176 797
176 812
176 861
176 894
176 979
177 304
177 313
177 354
177 407
177 423
177 436
177 513
177 528
177 537
177 701
177 804
177 830
177 835
177 863
177 889
177 894
177 951
177 1025
177 1057
177 1067
178 199
178 207
178 280
178 341
178 350
178 481
178 502
178 505
178 518
178 590
178 617
178 641
178 826
178 934
179 201
179 264
179 300
179 313
179 356
179 414
179 441
179 463
179 483
179 542
179 557
179 572
179 612
179 711
179 731
179 789
179 1055
180 328
180 332
180 441
180 468
180 621
180 651
180 669
180 685
180 690
180 780
180 908
180 910
180 920
180 1023
181 221
181 224
181 225
181 228
181 282
181 292
181 352
181 357
181 361
181 416
181 429
181 434
181 465
181 475
181 595
181 672
181 705
181 781
181 786
181 932
181 956
181 1011
181 1064
181 1065
182 194
182 196
182 282
182 346
182 477
182 530
182 553
182 653
182 707
182 746
182 773
182 819
182 1030
182 1069
183 192
183 233
183 236
183 260
183 367
183 409
183 415
183 429
183 455
183 464
183 518
183 566
183 578
183 665
183 772
183 781
183 790
183 847
183 868
183 940
183 1098
184 358
184 528
184 532
184 533
184 608
184 690
184 766
184 775
184 813
184 846
184 874
184 902
184 959
184 1012
184 1019
184 1051
185 218
185 244
185 276
185 295
185 314
185 327
185 493
185 528
185 592
185 641
185 668
185 705
185 870
185 908
185 1093
186 296
186 362
186 372
186 446
186 510
186 584
186 588
186 673
186 746
186 769
186 774
186 849
186 987
186 1078
187 261
187 281
187 283
187 292
187 304
187 323
187 339
187 473
187 503
187 541
187 561
187 614
187 626
187 627
187 668
187 731
187 851
187 867
187 881
187 917
187 936
187 958
187 985
187 998
187 1035
187 1061
187 1097
188 399
188 409
188 424
188 484
188 523
188 526
188 549
188 594
188 601
188 608
188 642
188 643
188 662
188 702
188 714
188 751
188 775
188 909
188 980
188 989
188 1002
189 197
189 222
189 267
189 317
189 447
189 463
189 475
189 482
189 709
189 793
189 799
189 851
189 853
189 871
189 908
189 910
189 911
189 943
189 1025
189 1030
190 237
190 244
190 292
190 386
190 391
190 500
190 503
190 540
190 583
190 609
190 741
190 743
190 854
190 952
190 966
190 985
190 993
190 1005
190 1071
191 263
191 319
191 331
191 431
191 470
191 650
191 846
191 852
191 864
191 931
191 987
191 1069
191 1091
191 1092
192 281
192 327
192 376
192 380
192 412
192 414
192 454
192 557
192 567
192 634
192 696
192 797
192 956
192 1000
193 232
193 254
193 383
193 446
193 447
193 523
193 657
193 693
193 747
193 778
193 824
193 941
194 212
194 227
194 249
194 307
194 311
194 346
194 349
194 431
194 440
194 441
194 462
194 476
194 488
194 540
194 544
194 623
194 641
194 671
194 681
194 708
194 716
194 755
194 769
194 773
194 806
194 901
194 924
194 940
194 952
194 971
194 980
194 1062
195 267
195 293
195 383
195 511
195 536
195 595
195 663
195 677
195 695
195 726
195 847
195 855
195 859
195 872
195 883
195 995
195 1024
195 1066
196 211
196 226
196 333
196 340
196 369
196 398
196 415
196 433
196 476
196 485
196 506
196 528
196 639
196 673
196 756
196 798
196 803
196 1032
196 1081
197 286
197 318
197 381
197 405
197 459
197 482
197 544
197 550
197 565
197 607
197 685
197 816
197 987
197 997
197 1008
197 1045
197 1054
198 235
198 253
198 301
198 327
198 334
198 399
198 402
198 467
198 506
198 510
198 548
198 563
198 714
198 785
198 802
198 805
198 869
198 870
198 911
198 970
198 988
198 1015
199 246
199 259
199 325
199 329
199 399
199 491
199 576
199 578
199 589
199 772
199 894
199 969
199 1029
199 1031
199 1082
200 201
200 255
200 274
200 333
200 441
200 484
200 654
200 658
200 660
200 750
200 765
200 786
200 795
200 836
200 956
200 1027
201 211
201 260
201 407
201 443
201 474
201 580
201 599
201 607
201 625
201 640
201 657
201 747
201 879
201 889
201 891
201 950
201 951
202 290
202 408
202 557
202 566
202 606
202 624
202 645
202 694
202 736
202 755
202 796
202 879
202 970
202 1023
202 1065
203 217
203 230
203 248
203 371
203 437
203 494
203 537
203 555
203 588
203 694
203 748
203 749
203 775
203 844
203 901
203 907
203 964
203 967
203 1002
203 1033
203 1038
203 1068
203 1084
204 211
204 247
204 385
204 434
204 586
204 614
204 662
204 811
204 816
204 817
204 836
204 957
204 989
205 255
205 257
205 390
205 392
205 397
205 423
205 471
205 496
205 634
205 716
205 772
205 828
205 841
205 913
205 965
206 294
206 364
206 478
206 480
206 754
206 788
206 929
206 930
206 1006
206 1011
206 1020
206 1077
207 213
207 217
207 334
207 444
207 548
207 579
207 730
207 741
207 744
207 748
207 749
207 924
207 931
207 1060
208 220
208 235
208 301
208 304
208 346
208 376
208 422
208 466
208 471
208 499
208 513
208 605
208 610
208 619
208 667
208 680
208 721
208 783
208 913
208 979
208 1009
208 1054
208 1055
208 1069
209 229
209 265
209 424
209 437
209 567
209 622
209 689
209 707
209 778
209 787
209 803
209 805
209 816
209 841
209 998
209 1020
209 1067
209 1074
210 305
210 340
210 350
210 409
210 430
210 471
210 501
210 615
210 635
210 648
210 671
210 674
210 800
210 829
210 872
210 965
210 978
210 1083
210 1097
211 248
211 386
211 441
211 450
211 462
211 500
211 567
211 578
211 637
211 672
211 826
211 878
211 899
211 904
211 1031
212 239
212 268
212 344
212 378
212 437
212 442
212 452
212 503
212 509
212 602
212 603
212 692
212 723
212 735
212 764
212 890
212 906
212 928
212 961
212 1007
212 1050
213 306
213 325
213 333
213 356
213 407
213 428
213 487
213 606
213 721
213 772
213 782
213 788
213 820
213 1077
213 1095
213 1097
214 301
214 422
214 574
214 735
214 807
214 931
214 964
214 989
215 326
215 408
215 420
215 546
215 550
215 606
215 612
215 626
215 636
215 683
215 707
215 730
215 751
215 784
215 807
215 819
215 840
215 916
215 973
215 1013
215 1026
216 244
216 332
216 339
216 351
216 428
216 435
216 471
216 547
216 674
216 682
216 788
216 860
216 1006
216 1009
216 1010
216 1021
216 1026
216 1039
216 1048
217 249
217 262
217 300
217 356
217 536
217 547
217 554
217 567
217 648
217 760
217 765
217 790
217 888
217 946
217 970
217 1008
217 1038
217 1061
217 1072
218 246
218 420
218 442
218 455
218 476
218 524
218 581
218 745
218 795
218 861
218 862
218 888
218 905
218 947
218 1015
218 1054
219 286
219 307
219 365
219 430
219 488
219 534
219 573
219 575
219 692
219 718
219 822
219 869
219 901
219 1005
219 1062
219 1067
219 1089
220 239
220 419
220 429
220 535
220 541
220 546
220 610
220 641
220 670
220 739
220 789
220 790
220 791
220 861
220 896
220 939
220 1015
221 263
221 265
221 344
221 484
221 497
221 601
221 640
221 663
221 717
221 730
221 747
221 749
221 764
221 851
221 898
221 914
221 941
221 1093
221 1097
222 232
222 264
222 389
222 458
222 469
222 589
222 682
222 731
222 763
222 765
222 813
222 835
222 875
222 949
222 957
222 984
222 993
222 1008
222 1045
222 1081
222 1095
223 486
223 527
223 552
223 610
223 646
223 664
223 684
223 693
223 696
223 732
223 770
223 857
223 876
223 912
223 1025
223 1027
223 1044
224 426
224 454
224 482
224 504
224 534
224 554
224 714
224 727
224 740
224 779
224 881
224 910
224 987
224 998
224 1064
224 1080
225 260
225 264
225 299
225 331
225 487
225 520
225 522
225 567
225 588
225 631
225 702
225 784
225 795
225 864
225 897
225 920
225 1054
226 243
226 437
226 440
226 447
226 562
226 596
226 638
226 669
226 776
226 813
226 836
226 841
226 858
226 888
226 982
226 1036
226 1042
226 1096
227 243
227 276
227 294
227 307
227 327
227 337
227 344
227 384
227 403
227 543
227 605
227 710
227 720
227 739
227 771
227 786
227 901
227 926
227 946
227 1013
227 1019
227 1035
227 1041
227 1044
228 244
228 251
228 313
228 316
228 428
228 441
228 504
228 754
228 812
228 891
228 913
228 944
228 958
228 964
229 260
229 360
229 363
229 376
229 424
229 446
229 471
229 472
229 526
229 533
229 569
229 585
229 600
229 612
229 613
229 707
229 742
229 795
229 858
229 887
229 939
229 962
229 971
229 990
229 1057
230 264
230 312
230 343
230 405
230 417
230 442
230 459
230 487
230 505
230 615
230 704
230 729
230 779
230 791
230 915
230 1035
230 1038
231 237
231 417
231 499
231 588
231 668
231 708
231 755
231 880
231 1030
231 1077
231 1094
232 266
232 374
232 390
232 415
232 416
232 509
232 580
232 620
232 680
232 687
232 706
232 737
232 754
232 769
232 860
232 862
232 946
232 1030
232 1039
232 1085
233 259
233 261
233 413
233 494
233 510
233 511
233 553
233 860
233 913
233 1063
234 264
234 288
234 389
234 490
234 499
234 509
234 534
234 598
234 611
234 629
234 723
234 745
234 748
234 779
234 815
234 834
234 913
234 1037
235 296
235 426
235 429
235 437
235 445
235 494
235 524
235 543
235 568
235 693
235 811
235 873
235 880
235 892
235 964
235 1071
236 306
236 324
236 381
236 425
236 430
236 558
236 621
236 664
236 703
236 731
236 806
236 825
236 891
236 951
236 971
236 1007
236 1011
236 1053
236 1054
236 1075
236 1098
237 241
237 243
237 251
237 392
237 400
237 408
237 412
237 420
237 477
237 533
237 678
237 690
237 814
237 819
237 934
237 964
237 966
237 970
237 983
237 1030
237 1069
238 437
238 471
238 477
238 529
238 656
238 681
238 807
238 836
238 857
238 992
239 252
239 332
239 392
239 457
239 472
239 481
239 506
239 516
239 640
239 651
239 659
239 666
239 714
239 730
239 777
239 783
239 827
239 853
239 899
239 915
239 921
239 1011
239 1040
239 1092
239 1098
240 273
240 410
240 414
240 417
240 445
240 475
240 503
240 508
240 574
240 628
240 678
240 873
240 893
240 909
240 949
241 268
241 517
241 555
241 562
241 571
241 596
241 639
241 650
241 664
241 771
241 903
241 1018
241 1031
241 1041
242 243
242 315
242 319
242 355
242 368
242 450
242 483
242 663
242 713
242 722
242 806
242 853
242 973
242 1061
243 251
243 286
243 357
243 463
243 496
243 499
243 566
243 586
243 625
243 647
243 660
243 684
243 714
243 766
243 831
243 850
243 912
243 921
243 952
243 1021
243 1087
244 272
244 315
244 343
244 357
244 377
244 442
244 498
244 514
244 540
244 628
244 668
244 691
244 697
244 838
244 1038
244 1081
245 271
245 285
245 289
245 292
245 296
245 348
245 423
245 471
245 492
245 493
245 535
245 558
245 895
245 900
245 918
245 928
245 938
245 982
245 985
245 990
245 1007
245 1061
246 277
246 339
246 340
246 347
246 369
246 509
246 616
246 652
246 705
246 741
246 749
246 774
246 777
246 785
246 807
246 973
246 987
246 991
247 278
247 321
247 382
247 499
247 585
247 589
247 602
247 661
247 692
247 842
247 1099
248 302
248 307
248 316
248 689
248 710
248 814
248 923
248 933
248 1004
249 356
249 458
249 498
249 642
249 651
249 669
249 702
249 815
249 883
249 908
249 928
249 945
249 1007
249 1021
249 1051
250 256
250 285
250 286
250 289
250 299
250 390
250 504
250 531
250 532
250 552
250 607
250 659
250 681
250 683
250 767
250 784
250 994
250 1076
251 285
251 350
251 361
251 372
251 449
251 520
251 527
251 616
251 888
252 278
252 279
252 325
252 458
252 559
252 621
252 623
252 743
252 842
252 947
252 977
252 985
253 314
253 326
253 375
253 413
253 438
253 489
253 722
253 729
253 846
253 925
253 991
253 1015
253 1057
253 1086
253 1087
254 329
254 411
254 647
254 658
254 665
254 759
254 788
254 817
254 843
254 858
254 861
254 874
254 897
254 1027
254 1084
255 298
255 317
255 369
255 420
255 447
255 464
255 466
255 572
255 588
255 612
255 637
255 669
255 698
255 707
255 773
255 795
255 873
255 893
255 959
255 974
255 1029
255 1037
256 351
256 407
256 537
256 560
256 561
256 728
256 767
256 812
256 953
256 989
256 1040
257 296
257 299
257 333
257 343
257 406
257 437
257 533
257 626
257 672
257 730
257 756
257 789
257 809
257 814
257 891
257 915
257 933
257 1032
258 276
258 346
258 374
258 472
258 566
258 612
258 667
258 693
258 744
258 764
258 873
258 917
258 970
258 1018
258 1025
259 299
259 302
259 366
259 411
259 523
259 569
259 608
259 714
259 747
259 837
259 887
259 899
259 1076
260 293
260 317
260 356
260 367
260 375
260 531
260 550
260 565
260 647
260 651
260 653
260 821
260 858
260 1048
261 341
261 381
261 474
261 488
261 512
261 530
261 646
261 661
261 666
261 691
261 723
261 810
261 822
261 847
261 1005
261 1018
262 280
262 282
262 340
262 347
262 361
262 480
262 631
262 638
262 723
262 740
262 855
262 868
262 881
262 1002
262 1085
263 266
263 268
263 291
263 367
263 370
263 500
263 544
263 550
263 580
263 592
263 608
263 686
263 712
263 725
263 764
263 826
263 843
263 861
263 885
263 967
263 981
263 998
263 1069
264 295
264 371
264 462
264 494
264 502
264 507
264 619
264 653
264 685
264 780
264 886
264 904
264 986
265 407
265 422
265 490
265 514
265 564
265 684
265 696
265 706
265 709
265 759
265 903
265 924
265 952
266 273
266 320
266 365
266 370
266 485
266 524
266 581
266 624
266 683
266 723
266 795
266 822
266 929
266 930
266 982
266 1019
266 1029
266 1089
267 341
267 423
267 444
267 542
267 654
267 658
267 695
267 739
267 801
267 824
267 990
267 1001
267 1074
267 1085
268 325
268 375
268 391
268 505
268 537
268 556
268 637
268 657
268 679
268 710
268 742
268 891
268 926
268 1072
268 1093
269 321
269 366
269 368
269 370
269 402
269 408
269 474
269 506
269 528
269 679
269 736
269 760
269 809
269 841
269 871
269 886
269 889
269 927
269 950
269 1084
270 285
270 299
270 490
270 715
270 716
270 735
270 756
270 824
270 1012
270 1027
270 1079
270 1084
270 1090
271 303
271 354
271 436
271 459
271 460
271 492
271 498
271 512
271 697
271 705
271 708
271 772
271 777
271 822
271 875
271 1013
271 1021
272 380
272 467
272 531
272 553
272 599
272 603
272 622
272 676
272 716
272 729
272 828
272 858
272 890
272 897
272 898
272 918
272 941
272 988
272 999
272 1013
272 1043
272 1051
273 372
273 387
273 461
273 468
273 469
273 474
273 529
273 604
273 637
273 651
273 674
273 684
273 713
273 1033
273 1055
273 1092
274 286
274 350
274 373
274 566
274 597
274 653
274 724
274 820
274 845
274 946
275 387
275 403
275 526
275 528
275 539
275 583
275 636
275 835
275 846
275 904
275 945
275 1054
275 1087
276 341
276 392
276 454
276 485
276 517
276 574
276 576
276 660
276 738
276 740
276 808
276 885
276 940
276 968
276 978
276 998
276 1030
276 1096
277 367
277 412
277 442
277 474
277 488
277 490
277 491
277 582
277 585
277 685
277 700
277 750
277 820
277 831
277 833
277 864
277 930
277 958
277 961
277 1031
278 329
278 335
278 340
278 443
278 471
278 483
278 532
278 537
278 543
278 566
278 588
278 691
278 750
278 783
278 831
278 846
278 847
278 930
278 937
278 990
278 1091
279 291
279 321
279 421
279 469
279 499
279 505
279 520
279 523
279 559
279 600
279 630
279 662
279 945
279 998
279 1013
279 1033
279 1036
279 1061
280 330
280 486
280 519
280 527
280 568
280 599
280 748
280 924
280 932
280 947
280 958
281 353
281 362
281 414
281 418
281 462
281 540
281 579
281 705
281 782
281 797
281 817
281 873
281 1011
281 1016
281 1092
282 291
282 296
282 361
282 553
282 579
282 612
282 733
282 879
282 917
282 1075
283 287
283 291
283 298
283 321
283 370
283 426
283 501
283 603
283 666
283 698
283 721
283 749
283 777
283 784
283 798
283 813
283 964
283 973
283 1005
283 1022
283 1031
283 1057
284 355
284 462
284 517
284 537
284 564
284 578
284 604
284 620
284 642
284 759
284 761
284 769
284 816
284 880
284 992
284 1056
285 345
285 364
285 408
285 434
285 441
285 444
285 452
285 460
285 506
285 551
285 609
285 628
285 671
285 694
285 712
285 766
285 789
285 932
285 957
285 1003
285 1037
285 1050
285 1090
285 1094
286 293
286 335
286 361
286 417
286 524
286 543
286 551
286 582
286 738
286 779
286 862
286 906
286 987
286 1016
286 1022
286 1089
286 1099
287 321
287 569
287 616
287 656
287 686
287 699
287 700
287 734
287 743
287 781
287 834
287 928
287 1055
288 298
288 463
288 625
288 779
288 831
288 980
288 1010
288 1021
288 1026
288 1081
289 294
289 329
289 351
289 414
289 486
289 496
289 501
289 510
289 539
289 545
289 652
289 714
289 729
289 762
289 1025
289 1049
289 1082
290 321
290 347
290 413
290 450
290 470
290 520
290 551
290 709
290 766
290 793
290 812
290 946
290 962
290 1029
290 1098
291 292
291 320
291 340
291 368
291 380
291 403
291 446
291 700
291 721
291 756
291 874
291 899
291 920
291 970
291 983
291 997
291 1002
292 402
292 438
292 440
292 506
292 518
292 590
292 602
292 658
292 661
292 712
292 810
292 840
292 1010
292 1067
292 1098
293 430
293 439
293 450
293 466
293 501
293 510
293 544
293 670
293 682
293 726
293 740
293 763
293 775
293 778
293 784
293 790
293 896
293 1032
293 1067
293 1088
294 373
294 392
294 396
294 402
294 430
294 477
294 510
294 620
294 646
294 657
294 669
294 776
294 786
294 813
294 865
294 1019
294 1033
294 1057
295 333
295 427
295 541
295 610
295 695
295 730
295 736
295 752
295 782
295 792
295 794
295 855
295 857
295 921
295 1043
296 329
296 436
296 465
296 469
296 474
296 486
296 516
296 568
296 608
296 615
296 661
296 718
296 719
296 755
296 1002
296 1029
296 1031
296 1078
297 345
297 387
297 443
297 571
297 607
297 619
297 789
297 1031
297 1044
297 1060
298 396
298 541
298 561
298 583
298 627
298 671
298 688
298 764
298 807
298 820
298 827
298 914
298 990
298 1036
299 344
299 401
299 436
299 524
299 585
299 607
299 718
299 759
299 775
299 781
299 844
299 887
299 889
299 915
299 938
299 960
299 980
299 995
299 999
299 1092
300 359
300 445
300 489
300 514
300 576
300 589
300 599
300 661
300 673
300 689
300 773
300 832
300 850
300 859
300 873
300 880
300 883
300 1056
300 1062
300 1065
301 481
301 496
301 549
301 586
301 603
301 799
301 812
301 823
301 901
301 921
301 935
301 1017
302 421
302 598
302 600
302 624
302 662
302 742
302 762
302 794
302 974
302 989
302 1002
302 1003
302 1044
303 318
303 388
303 408
303 469
303 478
303 487
303 498
303 599
303 611
303 622
303 630
303 690
303 750
303 769
303 775
303 804
303 842
303 882
303 911
303 1032
303 1052
303 1085
303 1086
303 1087
304 364
304 404
304 409
304 459
304 462
304 477
304 557
304 562
304 627
304 688
304 696
304 754
304 783
304 787
304 825
304 944
304 1009
305 311
305 358
305 452
305 466
305 471
305 501
305 552
305 634
305 691
305 863
305 910
305 998
305 1008
306 364
306 376
306 429
306 466
306 473
306 520
306 527
306 548
306 550
306 574
306 587
306 606
306 618
306 619
306 777
306 810
306 842
306 848
306 852
306 888
306 923
306 938
306 1025
306 1074
307 383
307 391
307 448
307 454
307 531
307 582
307 668
307 721
307 793
307 825
307 827
307 880
307 895
307 910
307 937
307 986
307 1016
308 412
308 454
308 468
308 489
308 505
308 534
308 594
308 599
308 668
308 781
308 894
308 1016
308 1073
309 662
309 672
309 685
309 723
309 757
309 776
309 814
309 829
309 874
309 923
309 970
309 1005
310 339
310 351
310 359
310 388
310 459
310 528
310 542
310 626
310 671
310 747
310 795
310 798
310 983
310 1000
310 1087
311 352
311 450
311 522
311 547
311 575
311 612
311 627
311 730
311 807
311 876
311 892
311 964
311 1011
311 1073
312 318
312 402
312 409
312 429
312 444
312 447
312 458
312 562
312 706
312 749
312 791
312 914
312 918
312 993
312 1011
312 1016
312 1048
312 1055
313 315
313 329
313 358
313 393
313 443
313 450
313 497
313 509
313 529
313 535
313 600
313 614
313 677
313 770
313 792
313 830
313 915
313 992
313 1010
313 1015
313 1072
314 336
314 353
314 390
314 497
314 511
314 526
314 566
314 625
314 688
314 743
314 881
314 1017
315 456
315 527
315 547
315 548
315 588
315 626
315 635
315 650
315 663
315 671
315 720
315 853
315 943
315 947
315 959
315 1001
315 1013
315 1047
315 1071
316 318
316 438
316 463
316 510
316 640
316 667
316 680
316 729
316 784
316 938
316 942
316 951
316 982
316 1094
317 336
317 377
317 380
317 445
317 468
317 535
317 577
317 580
317 595
317 685
317 691
317 702
317 767
317 837
317 842
317 845
317 851
317 961
317 967
317 972
317 999
317 1011
317 1085
318 335
318 470
318 556
318 566
318 594
318 600
318 699
318 746
318 792
318 867
318 913
318 1019
318 1061
318 1081
318 1092
319 442
319 670
319 710
319 745
319 819
319 878
319 975
320 402
320 435
320 438
320 447
320 455
320 540
320 582
320 589
320 595
320 611
320 708
320 802
320 915
320 937
320 972
320 992
320 1061
320 1086
321 334
321 423
321 471
321 501
321 588
321 711
321 763
321 877
321 925
321 1018
321 1076
322 330
322 351
322 386
322 551
322 617
322 639
322 727
322 857
322 864
322 870
322 975
322 982
322 1039
322 1054
322 1064
323 382
323 497
323 548
323 560
323 588
323 592
323 617
323 802
323 913
323 916
323 955
323 985
323 1059
324 326
324 370
324 377
324 443
324 482
324 489
324 551
324 552
324 585
324 598
324 620
324 704
324 737
324 883
324 896
324 927
324 932
324 1047
325 333
325 350
325 388
325 417
325 474
325 521
325 583
325 622
325 629
325 659
325 708
325 712
325 862
325 865
325 899
325 992
325 994
325 1043
325 1050
326 355
326 386
326 418
326 419
326 448
326 463
326 484
326 492
326 504
326 508
326 511
326 539
326 588
326 622
326 626
326 644
326 808
326 820
326 821
326 936
326 963
326 969
326 975
326 1014
327 523
327 616
327 640
327 725
327 742
327 800
327 826
327 841
327 905
327 920
327 944
327 952
327 1002
327 1007
327 1031
327 1032
328 330
328 422
328 435
328 469
328 471
328 563
328 644
328 690
328 705
328 764
328 795
328 854
328 855
328 947
328 960
328 983
328 1047
328 1054
329 335
329 367
329 385
329 460
329 490
329 506
329 517
329 542
329 576
329 587
329 626
329 640
329 709
329 741
329 742
329 808
329 1016
329 1066
329 1072
329 1097
330 430
330 534
330 535
330 722
330 723
330 785
330 1018
330 1055
330 1089
331 360
331 404
331 444
331 462
331 507
331 564
331 595
331 650
331 660
331 743
331 758
331 780
331 810
331 1033
331 1043
332 403
332 497
332 652
332 669
332 736
332 800
332 844
332 887
332 889
332 975
332 1046
332 1066
333 345
333 353
333 430
333 463
333 553
333 685
333 699
333 721
333 740
333 943
334 399
334 414
334 440
334 453
334 472
334 491
334 514
334 561
334 625
334 659
334 688
334 748
334 784
334 796
334 865
334 909
334 1025
335 338
335 380
335 420
335 440
335 455
335 599
335 713
335 903
335 939
335 981
336 381
336 439
336 450
336 451
336 519
336 521
336 551
336 630
336 659
336 746
336 855
336 865
336 974
336 1018
336 1045
336 1072
337 340
337 447
337 497
337 554
337 581
337 735
337 749
337 761
337 836
337 855
337 857
337 862
337 1031
337 1042
337 1097
338 373
338 464
338 467
338 509
338 510
338 567
338 583
338 641
338 688
338 787
338 801
338 871
338 1018
338 1060
339 428
339 463
339 487
339 522
339 528
339 565
339 594
339 676
339 700
339 860
339 933
340 454
340 541
340 690
340 710
340 719
340 793
340 841
340 1023
341 384
341 418
341 433
341 472
341 475
341 831
341 847
341 970
342 359
342 425
342 607
342 644
342 654
342 655
342 733
342 735
342 771
342 780
342 792
342 834
342 837
342 839
342 845
342 848
342 867
342 879
342 896
342 901
342 907
342 997
343 368
343 372
343 388
343 406
343 494
343 548
343 587
343 593
343 597
343 659
343 770
343 788
343 802
343 815
343 845
343 873
343 987
343 1012
343 1060
343 1070
344 457
344 511
344 548
344 575
344 588
344 614
344 623
344 705
344 723
344 755
344 813
344 842
344 855
344 873
344 933
344 946
344 997
344 1032
344 1060
345 350
345 359
345 416
345 431
345 454
345 499
345 552
345 555
345 622
345 677
345 678
345 758
345 829
345 884
345 915
345 939
345 977
345 1054
346 375
346 388
346 468
346 586
346 614
346 624
346 728
346 821
346 1002
346 1014
346 1019
346 1068
347 362
347 365
347 466
347 511
347 560
347 573
347 591
347 607
347 688
347 754
347 806
347 824
347 962
347 976
347 1034
348 404
348 440
348 556
348 900
348 1017
348 1022
348 1059
349 392
349 470
349 491
349 550
349 601
349 610
349 644
349 664
349 703
349 813
349 865
349 900
349 953
349 967
349 1020
350 467
350 701
350 705
350 722
350 786
350 825
350 840
350 876
350 924
350 985
350 1011
351 444
351 499
351 545
351 570
351 627
351 629
351 631
351 642
351 659
351 732
351 738
351 765
351 849
351 873
351 954
351 991
351 1037
351 1095
352 391
352 430
352 433
352 436
352 477
352 509
352 566
352 628
352 716
352 806
352 815
352 825
352 866
352 872
352 909
352 926
352 941
352 988
352 993
353 366
353 396
353 415
353 447
353 464
353 481
353 496
353 534
353 573
353 589
353 592
353 690
353 720
353 730
353 782
353 801
353 814
353 850
353 880
353 948
353 1055
353 1064
353 1088
354 458
354 479
354 493
354 519
354 694
354 734
354 765
354 791
354 803
354 929
354 954
354 960
354 989
354 1052
355 373
355 383
355 453
355 598
355 612
355 644
355 679
355 829
355 1090
356 363
356 387
356 422
356 431
356 572
356 676
356 739
356 991
356 1057
357 365
357 392
357 451
357 520
357 523
357 552
357 624
357 632
357 667
357 703
357 704
357 806
357 928
357 943
357 954
357 983
357 998
358 538
358 543
358 546
358 572
358 702
358 720
358 849
358 853
358 884
358 893
358 906
358 919
358 966
359 388
359 390
359 391
359 439
359 512
359 547
359 550
359 579
359 598
359 736
359 780
359 835
359 894
359 971
359 987
359 993
360 384
360 435
360 443
360 474
360 494
360 705
360 731
360 935
360 999
360 1005
360 1097
361 560
361 595
361 685
361 703
361 813
361 828
361 881
361 910
361 915
361 957
361 963
361 1010
361 1013
361 1042
361 1063
361 1074
361 1097
362 363
362 410
362 439
362 490
362 673
362 733
362 764
362 808
362 864
362 914
362 971
362 985
362 1013
363 411
363 517
363 526
363 548
363 559
363 598
363 619
363 641
363 701
363 702
363 756
363 803
363 897
363 899
363 923
363 987
364 399
364 507
364 560
364 728
364 755
364 857
364 908
364 913
364 955
364 999
364 1081
365 450
365 462
365 492
365 633
365 646
365 698
365 753
365 755
365 765
365 802
365 942
365 945
365 969
365 1013
365 1064
366 370
366 390
366 484
366 585
366 595
366 772
366 906
366 927
366 1022
366 1078
366 1080
367 515
367 576
367 666
367 720
367 821
367 900
367 1024
367 1030
368 461
368 467
368 503
368 505
368 550
368 583
368 607
368 647
368 654
368 675
368 743
368 952
368 958
369 654
369 704
369 730
369 746
369 747
369 770
369 850
369 929
369 970
369 1001
370 497
370 500
370 593
370 689
370 693
370 698
370 728
370 742
370 752
370 780
370 794
370 809
370 904
370 956
370 971
370 983
370 1002
371 462
371 478
371 520
371 543
371 710
371 734
371 741
371 794
371 808
371 838
371 864
371 893
371 943
371 963
371 1016
372 531
372 569
372 598
372 773
372 849
372 872
372 930
372 941
372 985
372 987
372 1038
372 1051
373 390
373 415
373 437
373 499
373 637
373 717
373 722
373 790
373 794
373 810
373 818
373 853
373 889
373 891
373 899
373 1012
373 1039
373 1087
374 388
374 405
374 523
374 610
374 649
374 729
374 730
374 748
374 750
374 789
374 821
374 843
374 884
374 931
374 1014
374 1057
374 1063
375 492
375 506
375 579
375 646
375 652
375 714
375 766
375 774
375 882
375 889
375 1034
376 505
376 530
376 544
376 553
376 557
376 602
376 662
376 731
376 772
376 821
376 913
376 1044
376 1079
377 398
377 450
377 515
377 575
377 596
377 641
377 712
377 713
377 754
377 768
377 789
377 800
377 855
377 861
377 973
377 985
377 1055
377 1069
378 399
378 414
378 431
378 594
378 664
378 760
378 825
378 862
378 897
378 918
378 920
378 971
378 989
378 1073
378 1091
379 463
379 467
379 577
379 736
379 749
379 883
379 925
379 1065
379 1092
380 403
380 450
380 456
380 570
380 745
380 815
380 824
380 826
380 832
380 852
380 905
380 906
380 943
380 1068
380 1074
380 1084
381 417
381 478
381 577
381 688
381 692
381 699
381 718
381 730
381 781
381 803
381 911
381 913
381 920
381 962
381 1002
381 1053
381 1094
382 518
382 531
382 549
382 571
382 573
382 579
382 593
382 598
382 630
382 647
382 654
382 670
382 719
382 724
382 725
382 754
382 841
382 896
382 935
382 976
382 996
383 425
383 447
383 455
383 481
383 670
383 800
383 845
383 904
383 917
383 923
383 956
383 971
384 440
384 474
384 502
384 564
384 618
384 653
384 707
384 734
384 744
384 762
384 874
384 878
384 1011
384 1069
385 399
385 443
385 474
385 536
385 559
385 570
385 800
385 809
385 819
385 829
385 838
385 866
385 909
385 912
385 969
385 970
385 972
385 1014
385 1030
386 439
386 479
386 508
386 526
386 667
386 701
386 795
386 980
386 1032
386 1043
386 1044
387 464
387 470
387 496
387 552
387 620
387 724
387 753
387 984
388 391
388 405
388 495
388 496
388 600
388 725
388 975
388 998
388 1002
388 1047
388 1059
388 1091
388 1095
389 415
389 475
389 486
389 591
389 681
389 686
389 748
389 789
389 955
389 1058
389 1071
389 1084
390 417
390 483
390 496
390 576
390 700
390 799
390 847
390 854
390 932
390 969
390 1048
390 1071
391 396
391 593
391 706
391 718
391 770
391 951
391 977
391 987
391 1063
391 1064
391 1083
392 397
392 511
392 598
392 618
392 627
392 633
392 680
392 691
392 751
392 752
392 803
392 813
392 815
392 817
392 827
392 937
392 1034
392 1069
393 420
393 453
393 487
393 695
393 703
393 773
393 774
393 799
393 810
393 863
393 927
393 956
393 958
393 962
393 983
394 397
394 586
394 594
394 610
394 644
394 767
394 825
394 849
394 857
394 897
394 941
394 958
394 1067
394 1080
395 470
395 557
395 560
395 574
395 648
395 692
395 742
395 745
395 825
395 867
395 920
395 1039
395 1088
395 1097
396 440
396 474
396 483
396 586
396 718
396 803
396 960
396 1078
396 1087
397 418
397 570
397 634
397 749
397 764
397 835
397 842
397 947
397 965
397 985
397 1042
398 452
398 490
398 543
398 548
398 553
398 603
398 612
398 660
398 685
398 690
398 765
398 798
398 806
398 917
398 930
398 965
398 1001
398 1042
399 429
399 545
399 590
399 617
399 630
399 760
399 771
399 803
399 838
399 854
399 874
399 910
399 974
399 1042
400 527
400 532
400 545
400 682
400 742
400 775
400 846
400 854
400 892
400 916
400 920
400 946
400 1008
400 1011
400 1056
400 1076
400 1086
401 404
401 497
401 549
401 627
401 658
401 674
401 691
401 751
401 836
401 914
401 973
401 1067
401 1074
401 1091
401 1095
402 413
402 451
402 524
402 547
402 618
402 643
402 644
402 716
402 727
402 770
402 773
402 782
402 837
402 866
402 922
402 935
402 938
402 952
402 953
402 1002
403 404
403 405
403 412
403 441
403 485
403 547
403 672
403 698
403 711
403 766
403 793
403 798
403 882
403 906
403 923
403 991
403 995
403 1037
403 1041
404 418
404 421
404 450
404 575
404 593
404 623
404 656
404 658
404 681
404 703
404 786
404 809
404 874
404 911
404 986
404 1032
405 446
405 496
405 675
405 852
405 895
405 899
405 917
405 946
405 970
405 973
405 1012
406 553
406 557
406 607
406 622
406 659
406 750
406 755
406 788
406 793
406 810
406 829
406 843
406 865
406 901
406 916
406 1078
406 1095
407 454
407 456
407 466
407 493
407 654
407 696
407 870
407 920
407 973
407 992
407 1063
407 1071
408 482
408 535
408 570
408 591
408 635
408 760
408 770
408 805
408 812
408 829
408 984
408 1016
408 1030
408 1064
409 428
409 517
409 534
409 589
409 597
409 624
409 695
409 729
409 801
409 805
409 813
409 834
409 972
409 1026
409 1056
410 425
410 438
410 455
410 531
410 580
410 597
410 628
410 862
410 990
410 1051
410 1064
411 426
411 428
411 482
411 518
411 576
411 850
411 895
411 908
411 924
411 948
412 473
412 486
412 500
412 545
412 690
412 717
412 779
412 793
412 871
412 876
412 899
413 513
413 538
413 690
413 729
413 764
413 769
413 837
413 968
413 1012
413 1040
413 1061
413 1068
413 1074
414 426
414 431
414 505
414 543
414 573
414 592
414 608
414 649
414 707
414 716
414 739
414 767
414 824
414 843
414 972
414 983
414 1059
414 1061
415 504
415 509
415 557
415 564
415 621
415 627
415 628
415 629
415 683
415 743
415 864
415 896
415 991
415 992
415 1015
416 453
416 461
416 480
416 520
416 526
416 597
416 605
416 716
416 773
416 777
416 785
416 816
416 885
416 938
416 1013
416 1059
416 1072
417 458
417 509
417 584
417 692
417 815
417 823
417 838
417 854
417 897
417 998
417 1001
417 1006
417 1078
418 431
418 465
418 492
418 518
418 519
418 536
418 577
418 612
418 735
418 792
418 824
418 952
418 1013
418 1044
418 1094
419 440
419 548
419 614
419 640
419 714
419 719
419 765
419 795
419 854
419 919
419 927
419 992
419 1046
420 427
420 429
420 447
420 539
420 556
420 657
420 769
420 870
420 875
420 1014
420 1065
421 449
421 483
421 506
421 520
421 585
421 595
421 723
421 729
421 767
421 786
421 824
421 902
421 923
421 940
421 969
421 983
422 444
422 636
422 645
422 762
422 807
422 847
422 889
422 905
422 933
423 460
423 554
423 575
423 608
423 618
423 639
423 786
423 876
423 896
423 935
423 956
423 990
423 1045
424 454
424 508
424 657
424 781
424 828
424 916
424 939
424 973
424 992
424 1010
424 1093
425 472
425 496
425 502
425 572
425 575
425 591
425 689
425 696
425 855
425 924
425 988
425 1038
425 1062
425 1071
426 473
426 639
426 746
426 884
426 885
426 886
426 895
426 900
426 914
426 915
426 958
426 970
426 1031
426 1048
426 1055
427 457
427 560
427 583
427 598
427 686
427 704
427 787
427 874
427 917
427 924
427 977
427 1044
428 430
428 488
428 518
428 561
428 562
428 575
428 621
428 659
428 661
428 669
428 699
428 713
428 778
428 877
428 959
428 983
428 1032
429 589
429 645
429 695
429 698
429 709
429 768
429 867
429 976
429 999
429 1015
429 1041
429 1094
430 446
430 471
430 477
430 597
430 611
430 710
430 737
430 990
430 1041
431 486
431 521
431 525
431 571
431 591
431 635
431 686
431 763
431 789
431 832
431 979
431 1096
432 524
432 624
432 716
432 721
432 743
432 808
432 870
432 886
432 898
432 1007
432 1008
432 1070
433 439
433 553
433 578
433 625
433 628
433 645
433 654
433 684
433 736
433 745
433 746
433 796
433 825
433 873
433 893
433 899
433 946
433 963
433 990
433 1048
433 1079
433 1098
434 449
434 600
434 603
434 605
434 642
434 678
434 703
434 715
434 722
434 724
434 727
434 819
434 844
434 892
434 905
434 925
434 949
434 963
434 1027
435 546
435 570
435 584
435 587
435 609
435 780
435 781
435 841
435 854
435 899
435 922
435 930
435 948
435 971
435 991
435 1024
435 1073
436 528
436 549
436 562
436 590
436 703
436 710
436 782
436 804
436 849
436 859
436 923
436 943
436 1074
437 508
437 547
437 648
437 851
437 932
437 1005
438 514
438 532
438 547
438 613
438 755
438 756
438 826
438 860
438 996
438 1018
438 1046
438 1052
439 526
439 557
439 577
439 681
439 699
439 728
439 789
439 791
439 827
439 838
439 846
439 902
439 1011
439 1012
439 1015
439 1073
439 1082
440 467
440 518
440 533
440 552
440 612
440 620
440 761
440 801
440 884
440 917
440 926
440 989
440 1007
440 1026
440 1034
440 1073
440 1077
441 463
441 468
441 487
441 529
441 574
441 606
441 609
441 708
441 844
441 894
441 917
441 1009
441 1038
441 1044
442 631
442 723
442 759
442 767
442 820
442 865
442 899
442 937
442 942
442 1044
443 451
443 462
443 474
443 594
443 651
443 714
443 788
443 868
443 912
443 932
443 933
443 962
443 969
443 989
443 1042
443 1062
444 473
444 521
444 572
444 585
444 660
444 674
444 993
444 1005
444 1065
445 461
445 471
445 651
445 662
445 704
445 847
445 877
445 887
445 924
445 925
445 936
445 945
445 992
445 999
445 1031
445 1073
446 455
446 477
446 516
446 590
446 635
446 764
446 813
446 836
446 868
446 903
446 962
446 993
446 1095
447 504
447 518
447 550
447 576
447 597
447 627
447 645
447 700
447 713
447 734
447 851
447 911
447 978
447 982
448 491
448 497
448 634
448 699
448 722
448 759
448 828
448 847
448 926
448 929
448 939
448 1083
448 1089
449 543
449 545
449 593
449 597
449 680
449 698
449 708
449 751
449 800
449 918
449 925
449 929
449 1047
449 1056
450 479
450 874
450 1014
450 1044
450 1075
451 485
451 487
451 538
451 592
451 642
451 683
451 692
451 712
451 728
451 808
451 820
451 883
451 892
451 936
451 1015
451 1063
452 476
452 486
452 516
452 543
452 547
452 614
452 628
452 664
452 786
452 818
452 823
452 998
453 457
453 481
453 500
453 582
453 633
453 646
453 671
453 720
453 790
453 815
453 817
453 854
453 920
453 1092
454 504
454 520
454 553
454 604
454 630
454 641
454 644
454 662
454 718
454 809
454 835
454 993
454 1002
454 1012
455 461
455 487
455 503
455 540
455 566
455 575
455 583
455 633
455 659
455 674
455 679
455 739
455 768
455 797
455 828
455 983
455 1077
456 494
456 572
456 581
456 699
456 776
456 832
456 841
456 852
456 1001
456 1008
456 1071
456 1072
456 1081
457 461
457 489
457 496
457 508
457 534
457 560
457 576
457 649
457 710
457 738
457 777
457 841
457 1025
457 1095
458 480
458 499
458 568
458 574
458 682
458 727
458 770
458 883
458 908
458 956
458 1089
459 518
459 527
459 658
459 771
459 786
459 816
459 817
459 963
459 972
459 1005
459 1049
460 467
460 527
460 540
460 591
460 601
460 746
460 839
460 918
460 965
460 996
460 1012
460 1044
460 1062
460 1079
461 469
461 525
461 527
461 557
461 826
461 873
461 886
461 963
461 1001
461 1005
461 1015
461 1063
462 474
462 613
462 649
462 656
462 666
462 754
462 761
462 920
462 925
462 941
463 498
463 505
463 548
463 622
463 682
463 688
463 758
463 770
463 786
463 794
463 918
463 923
464 508
464 554
464 620
464 699
464 722
464 764
464 794
464 797
464 885
464 950
464 1045
464 1089
465 557
465 688
465 708
465 718
465 726
465 753
465 763
465 818
465 955
465 999
465 1010
465 1036
465 1061
466 559
466 571
466 622
466 652
466 653
466 677
466 844
466 852
466 868
466 1001
466 1013
466 1072
467 469
467 493
467 525
467 599
467 630
467 633
467 689
467 837
467 838
467 840
467 872
467 959
467 982
467 1022
467 1045
467 1061
468 502
468 541
468 555
468 636
468 638
468 649
468 751
468 766
468 821
468 885
468 909
468 927
468 1025
469 576
469 589
469 594
469 596
469 645
469 729
469 914
469 990
469 1037
469 1054
469 1096
470 488
470 518
470 594
470 615
470 654
470 698
470 785
470 874
470 914
470 935
470 941
470 988
470 1019
470 1024
470 1089
471 556
471 648
471 709
471 836
471 918
471 942
471 981
471 1050
471 1091
472 510
472 539
472 566
472 640
472 688
472 744
472 764
472 769
472 797
472 876
472 905
472 942
472 999
472 1014
472 1084
473 485
473 512
473 551
473 583
473 676
473 689
473 758
473 787
473 902
473 920
473 1015
473 1041
473 1052
473 1094
474 552
474 600
474 638
474 649
474 700
474 708
474 714
474 734
474 847
474 886
474 987
474 1065
474 1097
475 604
475 608
475 620
475 654
475 715
475 718
475 756
475 770
475 801
475 813
475 814
475 826
475 856
475 877
475 950
475 1021
475 1082
475 1093
476 536
476 637
476 737
476 767
476 800
476 804
476 809
476 850
476 868
476 884
476 923
476 968
476 973
476 1032
476 1056
477 533
477 626
477 635
477 654
477 705
477 904
477 907
477 918
477 989
477 1081
477 1088
478 486
478 515
478 556
478 563
478 589
478 693
478 707
478 816
478 847
478 892
478 932
478 1044
478 1046
478 1098
479 599
479 612
479 619
479 672
479 711
479 765
479 831
479 920
479 943
479 1085
480 540
480 559
480 649
480 659
480 707
480 885
480 955
480 994
481 530
481 541
481 628
481 637
481 728
481 741
481 754
481 898
481 946
481 966
481 980
481 1009
481 1060
482 503
482 530
482 535
482 838
482 892
482 906
482 1072
483 555
483 633
483 637
483 669
483 750
483 770
483 778
483 924
483 948
483 965
483 1018
483 1034
483 1062
483 1086
483 1097
484 506
484 512
484 531
484 653
484 684
484 726
484 859
484 882
484 893
484 902
484 928
484 984
484 1004
484 1029
484 1031
484 1035
484 1063
485 506
485 519
485 545
485 559
485 574
485 583
485 629
485 700
485 740
485 798
485 806
485 876
485 1003
485 1004
485 1013
486 493
486 512
486 515
486 542
486 575
486 586
486 631
486 645
486 660
486 669
486 806
486 924
486 929
486 999
486 1023
487 593
487 634
487 676
487 795
487 858
487 890
487 1004
487 1022
487 1050
487 1096
487 1097
488 509
488 552
488 574
488 577
488 621
488 767
488 786
488 821
488 882
488 935
488 945
488 991
488 1009
488 1012
488 1031
488 1052
488 1072
488 1099
489 653
489 760
489 781
489 835
489 879
489 895
489 926
489 934
489 938
489 953
489 986
489 1015
490 510
490 513
490 524
490 580
490 753
490 758
490 839
490 874
490 903
490 951
490 993
490 1063
491 520
491 615
491 618
491 691
491 758
491 765
491 797
491 887
491 902
491 912
491 1028
492 493
492 577
492 581
492 629
492 662
492 784
492 789
492 854
492 910
492 925
492 1023
492 1077
493 525
493 529
493 561
493 575
493 721
493 834
493 858
493 881
493 928
493 969
493 995
494 613
494 829
494 839
494 915
494 926
494 945
494 1056
495 529
495 562
495 603
495 620
495 821
495 866
495 956
495 1082
496 669
496 706
496 780
496 796
496 818
496 880
496 908
496 962
496 1019
496 1082
496 1083
497 566
497 618
497 622
497 717
497 737
497 756
497 784
497 825
497 842
497 895
497 940
497 961
497 996
497 1096
498 554
498 606
498 640
498 690
498 702
498 762
498 783
498 786
498 898
498 945
498 1002
498 1058
498 1076
499 532
499 615
499 682
499 692
499 813
499 860
499 943
499 1019
499 1076
500 613
500 684
500 722
500 739
500 793
500 841
500 892
500 987
500 1008
500 1096
501 599
501 774
501 872
501 931
501 933
501 966
501 1057
501 1059
502 528
502 588
502 693
502 695
502 722
502 823
502 825
502 845
502 852
502 901
502 915
502 987
502 1003
502 1024
502 1026
502 1033
502 1060
502 1068
503 555
503 607
503 684
503 775
503 797
503 826
503 938
503 962
503 987
503 993
503 1004
503 1066
504 517
504 537
504 568
504 583
504 622
504 758
504 787
504 835
504 887
504 994
504 1000
505 548
505 628
505 707
505 724
505 752
505 782
505 799
505 815
505 891
505 906
505 913
505 924
505 1042
505 1050
505 1069
505 1078
505 1084
505 1087
506 648
506 656
506 720
506 723
506 785
506 889
506 963
506 984
507 518
507 555
507 611
507 732
507 756
507 791
507 806
507 921
507 1011
507 1047
507 1097
508 573
508 665
508 719
508 756
508 766
508 779
508 809
508 876
508 983
508 990
509 514
509 546
509 613
509 640
509 660
509 704
509 733
509 828
509 858
509 889
509 911
509 1050
509 1053
509 1097
510 598
510 629
510 640
510 671
510 685
510 851
510 907
510 941
510 1004
510 1022
510 1037
510 1098
511 541
511 552
511 563
511 638
511 701
511 744
511 800
511 924
511 941
511 1037
511 1049
512 535
512 566
512 568
512 638
512 822
512 840
512 909
512 924
512 925
512 950
512 965
512 1010
512 1067
513 528
513 551
513 567
513 576
513 616
513 634
513 635
513 648
513 669
513 716
513 766
513 772
513 839
513 895
513 998
513 1074
513 1081
514 576
514 702
514 821
514 919
514 956
514 1001
515 518
515 525
515 527
515 529
515 590
515 790
515 797
515 814
515 911
515 927
515 965
515 1064
515 1083
516 543
516 545
516 562
516 613
516 641
516 676
516 718
516 755
516 768
516 786
516 798
516 816
516 867
516 888
516 925
516 953
516 967
516 988
516 1000
516 1065
516 1081
517 559
517 613
517 622
517 637
517 656
517 660
517 749
517 761
517 773
517 806
517 820
517 845
517 911
517 925
517 940
517 953
517 999
517 1013
518 535
518 545
518 553
518 566
518 579
518 582
518 683
518 701
518 729
518 733
518 769
518 829
518 943
518 1037
518 1061
519 578
519 601
519 694
519 741
519 750
519 771
519 796
519 806
519 814
519 863
519 982
520 570
520 601
520 631
520 632
520 739
520 838
520 939
520 990
520 1061
520 1071
520 1094
521 592
521 623
521 644
521 662
521 678
521 732
521 793
521 819
521 854
521 910
521 949
522 588
522 589
522 653
522 684
522 734
522 768
522 795
522 799
522 840
522 853
522 890
522 939
522 990
523 526
523 571
523 586
523 615
523 639
523 647
523 699
523 743
523 785
523 866
523 917
523 1035
523 1065
524 526
524 536
524 595
524 608
524 707
524 781
524 871
524 910
524 955
524 989
524 1013
524 1019
524 1078
525 540
525 618
525 655
525 695
525 708
525 745
525 835
525 836
525 948
525 982
525 1001
525 1046
525 1057
525 1076
525 1096
526 623
526 645
526 685
526 687
526 702
526 758
526 787
526 834
526 971
526 1042
526 1079
526 1088
527 533
527 570
527 575
527 604
527 706
527 840
527 855
527 935
527 941
527 981
527 991
527 1041
528 600
528 611
528 629
528 640
528 753
528 776
528 858
528 1009
528 1012
529 576
529 794
529 816
529 820
529 858
529 859
529 871
529 897
529 937
529 942
529 1012
529 1046
530 542
530 622
530 634
530 710
530 767
530 860
530 926
530 1045
530 1073
531 555
531 621
531 687
531 690
531 706
531 745
531 793
531 926
531 932
531 954
531 959
531 1084
531 1088
532 564
532 877
532 973
532 1009
532 1096
533 555
533 652
533 676
533 681
533 730
533 814
533 860
533 904
533 931
533 935
533 997
533 1056
533 1097
534 560
534 575
534 669
534 770
534 791
534 815
535 536
535 537
535 555
535 562
535 575
535 613
535 732
535 758
535 808
535 873
535 880
535 964
535 1054
535 1057
536 566
536 661
536 679
536 805
536 878
536 918
536 1027
536 1053
537 603
537 626
537 648
537 661
537 674
537 802
537 819
537 835
537 847
537 914
537 915
537 991
537 1021
537 1042
537 1044
537 1060
538 935
538 961
538 968
538 969
538 1004
538 1097
539 613
539 623
539 749
539 790
539 822
539 823
539 933
539 1004
539 1006
539 1009
539 1021
539 1029
539 1047
539 1074
540 569
540 592
540 593
540 620
540 644
540 669
540 689
540 714
540 728
540 739
540 803
540 827
540 862
540 884
540 925
540 1036
540 1079
541 562
541 611
541 631
541 635
541 648
541 792
541 850
541 963
541 1049
541 1055
542 547
542 649
542 683
542 685
542 687
542 695
542 739
542 756
542 757
542 759
542 767
542 780
542 865
542 868
542 886
542 922
542 1080
543 573
543 588
543 691
543 765
543 924
543 988
543 1047
543 1081
544 555
544 586
544 639
544 644
544 660
544 778
544 789
544 886
544 906
544 944
544 1005
545 572
545 574
545 632
545 643
545 911
545 947
545 998
545 1013
545 1098
546 606
546 609
546 652
546 722
546 797
546 804
546 882
546 901
546 903
546 930
546 962
546 970
546 1000
546 1070
546 1089
547 670
547 685
547 723
547 739
547 746
547 824
547 831
547 929
547 990
547 1010
547 1084
548 835
548 929
548 955
548 993
548 1004
549 823
549 866
549 878
549 1068
549 1087
549 1089
550 556
550 603
550 629
550 655
550 660
550 663
550 675
550 729
550 769
550 859
550 886
550 927
550 984
551 558
551 574
551 591
551 714
551 739
551 764
551 792
551 797
551 818
551 840
551 894
551 910
551 917
551 924
551 967
551 1075
551 1098
552 596
552 670
552 691
552 704
552 736
552 762
552 859
552 927
552 961
553 644
553 684
553 737
553 773
553 785
553 837
553 927
553 942
553 966
553 976
553 1034
553 1064
553 1076
554 607
554 650
554 684
554 717
554 753
554 759
554 799
554 856
554 881
554 887
554 1008
554 1020
554 1044
554 1046
554 1067
555 613
555 621
555 639
555 834
555 941
555 1079
556 588
556 603
556 644
556 666
556 727
556 827
556 876
556 966
556 982
556 1016
557 602
557 635
557 762
557 786
557 788
557 872
557 945
557 972
557 1008
557 1041
557 1086
557 1091
557 1099
558 572
558 653
558 713
558 811
558 812
558 1027
558 1036
558 1038
558 1055
558 1056
559 610
559 666
559 685
559 740
559 930
559 977
559 1017
559 1037
559 1046
560 603
560 672
560 699
560 700
560 736
560 753
560 763
560 812
560 840
560 888
560 911
560 1018
560 1080
561 595
561 631
561 744
561 940
562 601
562 631
562 667
562 700
562 708
562 721
562 787
562 944
562 946
562 972
562 1004
562 1012
562 1027
562 1049
563 564
563 585
563 592
563 596
563 670
563 718
563 833
563 860
563 874
563 886
563 901
563 915
563 934
563 938
563 948
563 957
563 963
563 975
563 976
563 997
563 1060
564 579
564 623
564 867
564 881
564 887
564 962
564 1015
564 1065
564 1076
564 1096
565 621
565 647
565 650
565 708
565 857
565 915
565 1013
565 1026
565 1059
565 1078
566 733
566 847
566 849
566 862
566 915
566 916
566 937
566 941
566 1013
566 1030
566 1084
567 611
567 629
567 647
567 706
567 761
567 762
567 818
567 1012
567 1037
567 1054
567 1073
568 639
568 671
568 692
568 713
568 736
568 846
568 920
568 927
568 1048
569 606
569 700
569 747
569 776
569 880
569 970
569 986
570 575
570 653
570 755
570 806
570 844
570 909
570 914
570 959
571 666
571 702
571 703
571 713
571 729
571 749
571 791
571 839
571 904
571 986
572 699
572 886
572 888
572 915
572 916
572 924
572 945
572 979
572 997
572 1002
572 1055
572 1068
572 1069
572 1087
572 1091
573 592
573 612
573 618
573 682
573 684
573 742
573 792
573 857
573 911
573 971
573 1087
574 666
574 996
574 1006
574 1015
574 1036
574 1048
574 1070
575 583
575 610
575 639
575 771
575 873
575 955
575 1069
576 659
576 679
576 710
576 921
576 981
576 1069
576 1076
577 583
577 614
577 665
577 671
577 764
577 831
577 924
577 1052
577 1056
577 1092
578 586
578 632
578 646
578 685
578 721
578 794
578 837
578 904
578 933
578 982
578 991
578 1019
578 1054
578 1062
578 1094
579 644
579 726
579 748
579 761
579 780
579 913
579 953
579 955
579 970
579 981
580 593
580 652
580 663
580 688
580 698
580 806
580 821
580 853
580 898
580 902
580 907
580 942
580 992
581 590
581 711
581 755
581 781
581 845
581 864
581 872
581 961
581 1044
581 1053
581 1066
581 1077
582 709
582 755
582 829
582 873
582 1008
582 1039
583 635
583 647
583 684
583 731
583 813
583 829
583 857
583 904
583 906
583 943
583 998
583 1002
583 1005
583 1036
583 1039
583 1094
584 586
584 617
584 653
584 738
584 770
584 788
584 831
584 874
584 1009
584 1032
584 1040
584 1074
584 1087
585 593
585 602
585 664
585 808
585 892
585 893
585 911
585 969
585 1022
585 1029
586 751
586 754
586 760
586 777
586 788
586 874
586 876
586 1064
587 588
587 591
587 682
587 713
587 788
587 793
588 590
588 592
588 599
588 631
588 727
588 782
588 791
588 825
588 877
588 878
588 883
588 887
589 597
589 612
589 658
589 812
589 854
589 898
589 1012
590 626
590 654
590 689
590 738
590 817
590 940
590 1083
591 605
591 657
591 750
591 760
591 896
591 924
591 973
591 1078
592 793
592 866
592 881
592 904
592 936
593 606
593 630
593 643
593 651
593 751
593 762
593 784
593 789
593 797
593 822
593 892
593 928
593 960
593 991
593 1017
594 605
594 763
594 767
594 883
594 949
594 1000
594 1008
594 1065
595 597
595 619
595 815
595 872
595 978
595 1054
596 621
596 626
596 665
596 752
596 757
596 794
596 915
596 950
596 956
596 1041
596 1083
596 1095
597 622
597 681
597 710
597 934
597 952
597 1049
597 1051
597 1069
597 1072
598 630
598 688
598 692
598 703
598 763
598 791
598 792
598 915
598 976
598 1007
598 1058
599 726
599 810
599 867
599 980
599 991
599 1041
600 848
600 874
600 940
600 981
600 995
600 1005
600 1050
600 1068
601 638
601 703
601 707
601 716
601 733
601 746
601 854
601 856
601 963
601 968
601 1064
602 614
602 633
602 702
602 727
602 747
602 776
602 852
602 950
602 1080
603 638
603 720
603 731
603 872
603 904
603 947
603 1024
604 630
604 710
604 807
604 808
604 959
604 1055
604 1071
605 666
605 722
605 822
605 838
605 855
605 899
605 905
605 942
605 984
605 1008
605 1030
605 1037
606 653
606 868
606 907
606 970
607 667
607 700
607 781
607 789
607 905
607 938
607 983
607 1030
607 1039
607 1043
607 1075
608 641
608 700
608 702
608 723
608 730
608 847
608 911
608 951
608 967
608 977
608 1060
608 1072
609 678
609 723
609 795
609 816
609 858
609 862
609 932
609 965
609 975
609 1001
609 1033
609 1051
610 644
610 778
610 785
610 799
610 825
610 883
610 923
611 719
611 746
611 860
611 868
611 889
611 892
611 963
611 1036
611 1040
612 621
612 649
612 656
612 692
612 712
612 762
612 882
612 948
612 966
612 1023
612 1076
613 648
613 669
613 686
613 820
613 831
613 837
613 903
613 932
613 1005
613 1007
613 1034
614 653
614 681
614 729
614 799
614 857
614 881
614 996
614 1053
614 1087
615 647
615 799
615 843
615 881
615 924
615 954
615 980
615 1000
615 1015
616 713
616 726
616 741
616 763
616 920
616 942
616 1077
617 644
617 689
617 727
617 777
617 907
617 931
617 1029
617 1099
618 697
618 756
618 804
618 907
618 943
618 974
618 998
618 1028
618 1031
619 649
619 680
619 716
619 830
619 868
619 874
619 882
619 887
619 914
619 1058
619 1096
620 666
620 699
620 716
620 748
620 751
620 796
620 892
620 924
620 982
620 999
620 1026
620 1074
620 1087
621 627
621 697
621 776
621 847
621 1040
622 679
622 864
622 896
622 982
622 1030
622 1045
622 1081
623 628
623 664
623 667
623 685
623 730
623 734
623 971
623 1025
623 1026
624 637
624 644
624 718
624 802
624 807
624 814
624 870
624 929
624 942
624 964
624 991
624 1084
625 720
625 735
625 749
625 840
625 991
625 1008
625 1014
625 1073
625 1092
626 642
626 719
626 803
626 824
626 870
626 1043
626 1047
626 1059
627 675
627 784
627 856
627 868
628 740
628 782
628 791
628 794
628 828
628 841
628 894
628 984
628 989
628 990
629 645
629 655
629 668
629 705
629 801
629 855
629 941
629 958
629 966
629 987
629 1091
629 1094
630 649
630 655
630 675
630 749
630 767
630 793
630 815
630 846
630 923
630 1032
630 1041
631 636
631 701
631 709
631 720
631 731
631 770
631 856
631 862
631 863
631 870
631 880
631 894
631 903
631 924
631 945
631 982
631 1063
632 715
632 743
632 907
632 915
632 926
632 928
632 962
632 964
632 990
632 1039
632 1047
632 1086
633 684
633 709
633 787
633 794
633 835
633 937
633 967
633 985
633 997
633 1003
633 1023
633 1029
633 1075
633 1095
634 685
634 691
634 822
634 889
634 911
634 1003
634 1004
635 637
635 666
635 689
635 691
635 715
635 757
635 779
635 801
635 891
635 929
635 964
635 998
635 1003
635 1006
635 1090
636 701
636 787
636 792
636 795
636 843
636 891
637 723
637 770
637 787
637 830
637 855
637 887
637 890
637 968
637 994
637 1020
637 1044
637 1064
637 1084
638 658
638 792
638 953
638 956
638 1004
638 1040
638 1086
639 648
639 660
639 780
639 871
639 906
639 971
639 1006
639 1014
640 650
640 662
640 669
640 675
640 795
640 820
640 881
640 1006
641 706
641 752
641 769
641 835
641 891
641 1040
641 1090
642 681
642 766
642 824
642 831
642 856
642 892
642 894
642 904
642 965
642 969
642 1068
642 1088
643 674
643 682
643 720
643 728
643 798
643 801
643 816
643 834
643 839
643 895
643 1011
644 657
644 683
644 722
644 751
644 879
644 885
644 887
644 914
644 961
644 1017
644 1075
645 671
645 704
645 717
645 721
645 722
645 805
645 824
645 845
645 913
645 1028
646 662
646 677
646 694
646 719
646 722
646 815
646 854
646 1009
646 1034
646 1065
647 767
647 861
647 886
647 897
647 912
647 947
647 977
647 1088
648 726
648 757
648 888
648 935
648 977
648 1005
648 1043
649 716
649 735
649 834
649 869
649 978
649 1013
649 1073
650 658
650 664
650 730
650 957
650 1015
650 1026
650 1043
650 1061
650 1070
651 804
651 826
651 867
651 892
651 971
651 974
651 1027
652 664
652 742
652 756
652 827
652 894
653 670
653 733
653 761
653 769
653 777
653 841
653 883
653 1004
654 749
654 776
654 843
654 911
654 918
654 949
654 1042
654 1059
654 1067
655 724
655 783
655 825
655 860
655 971
655 1088
656 670
656 756
656 772
656 827
656 848
656 858
656 914
656 920
656 1061
656 1093
657 855
657 865
657 899
657 1017
657 1027
657 1066
657 1098
658 721
658 734
658 771
658 849
658 860
658 940
658 1013
658 1059
659 720
659 726
659 952
659 965
659 1002
659 1056
659 1075
660 696
660 739
660 928
660 967
660 998
660 1017
661 888
661 922
661 957
661 991
661 1013
661 1017
662 747
662 791
662 804
662 892
662 904
662 955
662 961
662 980
662 1012
662 1032
662 1038
662 1045
663 741
663 766
663 865
663 881
663 890
663 924
663 967
663 977
663 996
663 1055
664 727
664 742
664 775
664 856
664 883
664 891
664 945
664 964
664 1006
664 1031
665 795
665 831
665 974
665 985
665 988
665 1021
665 1027
666 744
666 810
666 845
666 1036
666 1038
666 1060
667 693
667 705
667 768
667 794
667 869
667 876
667 1020
667 1037
667 1038
667 1044
667 1059
667 1061
668 785
668 802
668 867
668 935
668 967
668 977
668 1052
669 685
669 713
669 748
669 854
669 856
669 906
669 1088
670 741
670 763
670 784
670 820
670 876
670 891
670 902
670 909
670 966
670 989
670 999
670 1066
671 724
671 789
671 821
671 831
671 906
671 914
672 681
672 744
672 746
672 761
672 810
672 817
672 837
672 897
672 990
673 747
673 766
673 781
673 799
673 857
673 877
673 916
673 928
673 998
673 1077
673 1085
673 1098
674 710
674 718
674 745
674 749
674 807
674 889
674 910
674 1042
674 1070
675 680
675 767
675 781
675 825
675 834
675 854
675 877
675 882
675 922
675 948
675 989
675 1008
675 1089
676 695
676 719
676 733
676 761
676 899
676 930
676 1007
676 1096
677 703
677 716
677 728
677 805
677 838
677 860
677 876
677 916
677 931
677 1033
677 1045
677 1084
677 1086
678 722
678 909
678 1006
678 1007
678 1070
678 1074
678 1092
678 1093
679 706
679 759
679 764
679 895
679 896
679 932
679 948
679 1035
679 1071
680 699
680 942
680 1045
681 764
681 847
681 899
681 923
681 952
681 957
681 1027
681 1049
681 1050
681 1057
681 1085
682 733
682 758
682 797
682 951
682 1005
682 1025
682 1043
682 1057
682 1073
683 706
683 711
683 714
683 755
683 772
683 779
683 848
683 860
683 975
683 980
683 982
683 1019
683 1021
683 1039
684 689
684 691
684 731
684 849
684 856
685 687
685 732
685 744
685 767
685 818
685 839
685 855
685 857
685 879
685 929
686 689
686 711
686 777
686 832
686 873
686 879
686 933
686 941
686 951
686 1081
687 722
687 724
687 850
687 856
687 870
687 875
687 906
687 966
687 990
687 1054
688 741
688 811
688 832
688 841
688 878
688 894
688 1036
688 1070
688 1092
688 1098
689 778
689 792
689 797
689 810
689 861
689 973
689 994
690 708
690 710
690 725
690 749
690 770
690 825
690 891
690 909
690 997
690 1029
690 1044
690 1046
690 1074
691 713
691 724
691 769
691 773
691 812
691 815
691 852
691 865
691 995
691 1053
691 1062
692 831
692 970
692 1098
693 865
693 873
693 894
693 904
693 966
694 864
694 888
694 934
694 938
694 940
694 1020
694 1066
694 1080
695 799
695 813
695 908
695 915
695 980
695 998
695 1004
695 1050
695 1076
695 1089
695 1097
696 765
696 788
696 834
696 1050
696 1097
696 1098
697 703
697 708
697 728
697 733
697 761
697 862
697 932
697 935
697 973
697 1015
697 1095
698 699
698 787
698 788
698 799
698 805
698 853
698 866
698 872
698 916
698 934
698 1000
699 833
699 834
699 853
699 937
699 1013
699 1014
699 1089
700 877
700 926
700 950
700 973
700 1040
700 1062
700 1073
701 716
701 831
701 852
701 1063
701 1083
701 1092
702 750
702 782
702 837
702 872
702 952
702 962
702 983
703 728
703 760
703 773
703 781
703 1034
703 1059
703 1065
704 839
704 922
704 974
704 1097
705 838
705 930
705 952
705 961
705 1040
705 1071
705 1097
706 882
706 899
706 958
706 962
706 971
706 978
706 1029
706 1035
707 712
707 759
707 788
707 826
707 879
707 880
707 949
707 1018
707 1061
707 1074
708 731
708 741
708 767
708 787
708 923
709 713
709 795
709 850
709 873
709 943
709 949
709 1023
710 747
710 756
710 802
710 933
710 935
710 991
710 1016
710 1020
711 722
711 744
711 817
711 918
711 1002
711 1040
711 1058
712 725
712 875
712 906
712 958
712 969
712 993
712 1026
712 1033
712 1065
713 1040
713 1059
713 1088
714 722
714 728
714 755
714 793
714 820
714 876
714 930
714 931
714 1031
714 1055
715 719
715 732
715 762
715 783
715 790
715 812
715 953
715 972
715 983
715 1075
716 768
716 898
716 967
716 1026
717 729
717 732
717 810
717 829
717 919
717 929
717 930
717 953
717 1034
717 1035
717 1079
718 722
718 742
718 744
718 749
718 812
718 901
718 921
719 741
719 853
719 950
719 1023
719 1059
720 729
720 739
720 779
720 783
720 796
720 847
720 875
720 1003
720 1009
721 764
721 804
721 842
721 865
721 876
721 937
721 1064
722 780
722 936
722 962
723 733
723 744
723 754
723 775
723 799
723 824
723 863
723 1072
723 1078
724 749
724 760
724 779
724 833
724 979
724 1006
724 1060
724 1063
725 907
725 930
725 1019
725 1063
725 1086
726 901
726 907
726 998
726 1012
726 1023
726 1028
727 789
727 805
727 855
727 890
727 934
727 951
727 1011
727 1027
727 1040
728 741
728 794
728 854
728 942
728 1011
728 1031
728 1068
729 910
729 946
729 961
729 1046
729 1059
730 743
730 818
730 840
730 847
730 934
730 944
730 1059
731 891
731 928
731 980
731 1010
731 1046
732 830
732 889
732 1061
732 1073
733 849
733 868
733 913
733 1040
733 1043
733 1051
733 1070
733 1095
733 1096
734 767
734 804
734 850
734 853
734 854
735 779
735 804
735 832
735 861
735 1027
735 1040
735 1052
736 763
736 865
736 885
736 898
736 927
736 1022
736 1065
737 779
737 797
737 842
737 851
737 862
737 900
737 958
737 1017
737 1042
738 794
738 857
738 862
738 950
738 971
738 1031
738 1042
738 1044
739 836
739 870
739 876
739 966
739 1079
739 1080
740 745
740 763
740 771
740 778
740 837
740 850
740 914
740 930
740 936
740 938
740 1073
740 1088
741 760
741 799
741 915
741 972
741 1085
742 762
742 868
742 886
742 888
742 926
742 954
742 1026
742 1086
743 760
743 763
743 776
743 889
743 957
743 976
743 1017
743 1037
744 802
744 918
744 974
744 1082
744 1087
745 808
745 812
745 829
745 914
745 923
745 940
745 943
745 955
745 974
745 1020
745 1021
745 1039
745 1059
745 1065
745 1087
746 802
746 827
746 853
746 888
746 910
746 956
746 1059
747 802
747 828
747 907
747 943
747 962
747 1009
747 1045
747 1052
747 1056
747 1085
748 753
748 788
748 803
748 808
748 879
748 884
748 890
748 990
748 1014
748 1049
749 758
749 822
749 856
749 878
749 909
749 926
749 1036
749 1052
750 825
750 854
750 1030
750 1096
751 758
751 789
751 839
751 864
751 869
751 870
751 902
751 935
751 949
752 767
752 857
752 859
752 865
752 885
753 759
753 782
753 831
753 836
753 866
753 887
753 926
753 1030
753 1036
753 1099
754 755
754 796
754 806
754 874
754 882
754 899
755 762
755 854
755 868
755 908
755 1005
755 1025
756 799
756 845
756 849
756 913
756 989
756 1065
756 1097
757 781
757 786
757 917
757 977
757 1021
757 1037
757 1041
757 1067
757 1091
758 898
758 928
758 1031
759 762
759 827
759 881
759 993
759 1008
760 815
760 882
760 1019
760 1048
761 880
761 973
761 1000
761 1064
761 1088
762 778
762 839
762 928
762 965
762 974
762 1011
762 1041
762 1072
763 782
763 824
763 924
763 941
763 954
763 978
763 982
763 1032
763 1090
764 779
764 809
764 870
764 873
764 1024
764 1037
764 1070
764 1074
765 776
765 815
765 932
765 971
765 980
765 1037
765 1055
766 768
766 785
766 823
766 824
766 826
766 827
766 854
766 996
766 1080
767 850
767 851
767 864
767 958
767 973
767 1040
767 1057
767 1066
768 794
768 871
768 877
768 905
768 914
768 938
768 939
768 949
768 975
768 1021
768 1025
768 1026
768 1032
768 1045
768 1095
769 828
769 868
769 889
769 925
769 957
769 1020
769 1068
769 1072
769 1095
770 844
770 846
770 857
770 897
770 1045
770 1052
770 1065
771 772
771 776
771 832
771 910
771 1087
772 788
772 825
772 942
772 964
772 968
772 1036
772 1059
772 1083
772 1085
773 775
773 912
773 923
773 936
773 981
774 815
774 821
774 912
774 948
774 989
774 1012
775 800
775 813
775 817
775 864
775 886
775 1001
775 1043
776 802
776 870
776 893
776 894
776 1012
776 1021
777 840
777 877
777 882
777 901
777 918
777 939
778 814
778 843
778 897
778 925
778 973
778 981
778 1029
778 1082
779 785
779 812
779 838
779 848
779 911
779 989
779 1032
779 1056
779 1069
779 1081
780 822
780 849
781 855
781 944
781 949
781 1029
782 799
782 873
782 913
782 1018
782 1020
782 1033
783 784
783 840
783 902
783 1030
783 1035
784 806
784 862
784 865
784 911
784 935
784 977
784 1000
785 992
785 1004
785 1005
785 1021
785 1071
786 899
786 925
786 944
786 957
787 855
787 909
787 951
787 984
788 797
788 866
788 921
788 1007
788 1034
789 829
789 903
789 913
789 974
789 1051
789 1052
790 794
790 925
790 928
790 961
790 973
790 1098
791 823
791 854
791 861
791 972
791 987
791 1013
791 1018
791 1047
791 1097
792 802
792 808
792 814
792 849
792 863
792 864
792 939
792 974
792 1071
793 809
793 866
793 869
793 905
793 917
793 921
793 964
793 967
793 1019
794 802
794 878
794 896
794 910
794 940
794 1076
795 807
795 855
795 905
795 912
795 934
795 995
795 1002
796 805
796 838
796 859
796 996
796 1010
796 1023
796 1072
796 1079
797 875
797 919
797 990
797 1048
797 1052
798 810
798 838
798 842
798 843
798 856
798 861
798 882
798 932
798 974
798 1098
799 838
799 855
799 916
799 968
799 1014
800 806
800 886
800 900
800 1024
800 1029
800 1054
800 1072
801 823
801 929
801 932
801 1099
802 892
802 897
802 899
802 959
802 1006
802 1059
802 1066
803 817
803 823
803 1052
804 822
804 871
804 889
804 902
804 930
804 982
805 815
805 834
805 849
805 883
805 905
805 907
805 913
805 978
805 1011
805 1071
805 1095
806 842
806 911
806 936
806 957
806 969
806 991
806 992
806 1044
807 842
807 844
807 881
807 961
807 963
807 972
807 993
807 1003
807 1014
807 1036
807 1066
807 1094
808 812
808 863
808 882
808 1062
809 820
809 892
809 929
809 944
810 812
810 856
810 875
810 880
810 896
810 1060
810 1090
811 839
811 1001
811 1085
812 964
812 1031
813 829
813 862
813 1097
814 817
814 884
814 904
814 940
815 862
815 906
815 925
815 1017
815 1054
815 1064
815 1068
816 897
816 960
816 1010
816 1040
816 1067
816 1071
816 1079
817 835
817 984
817 1026
818 853
818 887
818 919
818 935
818 1029
818 1051
818 1065
819 899
819 959
819 973
819 1013
819 1061
819 1068
820 841
820 850
820 858
820 949
820 980
820 983
820 1096
821 968
821 981
821 1080
822 870
822 1079
823 942
823 953
823 966
823 969
823 1032
824 830
824 907
824 975
824 1072
824 1095
825 868
825 875
825 876
825 877
825 1032
826 881
826 917
826 958
826 970
826 1094
827 842
827 905
827 919
827 1072
827 1081
827 1082
828 833
828 863
828 891
828 912
828 919
828 955
828 981
829 871
829 966
829 997
829 1085
830 876
830 880
830 958
830 1031
830 1078
830 1097
831 893
831 920
831 944
831 1058
831 1065
831 1093
832 901
832 942
832 977
832 1066
833 913
833 914
833 973
833 996
833 1034
833 1035
834 840
834 867
834 893
834 955
834 973
834 983
834 1043
835 904
835 1034
835 1049
836 896
836 1037
836 1094
837 898
837 1036
837 1091
838 938
838 946
838 977
838 984
838 989
838 1030
839 888
839 910
839 924
839 972
839 1017
839 1051
839 1063
839 1074
840 894
841 866
841 878
841 951
841 976
842 889
842 899
842 1066
842 1075
843 896
843 939
843 1027
843 1057
844 942
844 993
844 1013
844 1016
844 1020
844 1021
844 1075
844 1087
845 869
845 890
845 1040
846 1036
846 1061
847 936
847 963
847 1024
847 1050
848 880
848 909
848 939
848 970
848 998
848 1053
849 860
849 875
849 971
849 1085
850 902
850 923
850 965
850 1026
851 866
851 868
851 892
852 902
852 1057
853 857
853 866
853 867
853 872
853 903
853 950
853 1015
853 1026
853 1031
854 914
854 1003
855 862
855 899
855 961
855 964
855 1082
855 1099
856 898
856 934
856 953
856 1057
856 1059
856 1082
857 879
857 893
857 910
857 994
857 1037
857 1053
859 865
859 886
859 932
859 959
859 1034
860 889
860 943
860 965
860 1046
860 1057
861 961
861 1038
862 865
862 903
862 907
863 903
863 930
863 931
863 1039
863 1091
863 1095
864 876
864 908
864 956
864 992
864 1018
864 1098
865 1026
865 1060
865 1086
866 867
866 868
866 885
866 903
866 1042
866 1050
867 874
867 922
867 1027
867 1087
867 1090
868 915
868 928
868 1064
869 892
869 920
869 940
869 951
869 988
869 1026
870 876
870 947
870 972
870 984
870 1088
871 977
871 1006
871 1012
871 1024
871 1045
871 1056
872 944
872 971
872 1019
873 887
873 911
873 944
873 952
873 987
873 1009
873 1092
874 881
874 930
874 933
874 949
874 957
874 1056
875 956
875 1049
875 1079
875 1080
876 879
876 915
876 988
876 1043
876 1044
876 1078
877 879
877 912
877 991
877 1088
878 921
878 1025
878 1059
878 1083
879 947
879 955
879 982
879 988
879 1067
880 883
880 932
880 978
880 1027
880 1031
880 1072
880 1079
880 1085
880 1096
881 890
881 937
881 995
881 1003
881 1044
881 1056
882 928
882 1006
882 1050
882 1055
882 1071
883 931
883 989
883 991
883 1000
883 1034
884 902
884 955
884 976
884 991
884 1016
884 1099
885 938
885 963
885 1037
885 1059
885 1067
886 889
886 995
887 894
887 911
887 912
888 947
888 951
888 961
888 964
888 985
888 999
889 900
889 910
889 920
889 927
889 935
889 1066
889 1072
890 973
890 1009
890 1082
891 914
891 1007
891 1049
891 1051
891 1055
891 1070
891 1074
892 946
892 1012
892 1023
892 1067
892 1079
892 1088
893 1005
893 1041
893 1077
894 1047
895 966
895 1023
895 1047
895 1077
896 929
897 1011
897 1020
897 1035
897 1046
898 923
898 1023
898 1036
899 930
899 977
899 1059
899 1067
899 1077
900 926
900 936
900 964
900 1012
901 1064
902 911
902 936
902 975
902 984
902 1027
902 1043
902 1075
903 905
903 987
904 935
905 971
905 990
905 1005
905 1027
905 1069
906 922
906 929
906 955
906 996
906 1005
907 911
907 951
907 1004
907 1062
907 1081
907 1092
908 921
908 925
908 1079
909 957
909 968
909 1040
909 1059
909 1098
910 954
910 985
910 1023
911 931
911 945
912 977
912 1060
912 1069
912 1076
913 971
913 973
913 989
913 1021
913 1036
913 1099
914 925
914 944
914 973
914 1023
914 1035
914 1048
914 1066
914 1088
915 932
915 977
915 1047
915 1086
915 1088
916 1007
916 1030
917 994
917 1092
918 965
918 1041
918 1045
918 1098
918 1099
919 941
919 953
919 1054
920 936
920 943
920 1006
921 968
922 1064
923 940
923 969
923 1012
924 934
924 973
925 948
925 956
925 959
925 982
925 1022
925 1027
925 1060
925 1076
925 1083
925 1088
926 944
926 968
926 1046
927 1034
929 1086
929 1093
930 975
930 988
930 1099
931 1007
931 1021
931 1081
932 947
932 968
932 1023
932 1046
933 967
933 981
933 1013
933 1049
933 1082
933 1087
934 946
934 996
934 1062
934 1073
934 1095
935 963
935 979
935 990
935 1032
935 1044
936 942
936 973
936 976
936 1030
936 1056
936 1088
937 1054
938 1022
939 1088
939 1094
940 952
940 970
940 978
940 986
941 1001
941 1083
942 987
942 1092
943 971
943 994
943 1056
943 1062
943 1087
944 1066
944 1088
945 1018
945 1065
945 1066
945 1075
947 962
948 951
948 970
948 980
948 1042
948 1082
949 967
949 1038
949 1095
950 953
950 1005
950 1029
952 955
952 1020
952 1035
952 1094
952 1098
953 985
953 997
953 1043
954 1045
954 1061
954 1066
954 1076
955 979
955 1030
956 994
957 995
957 1065
958 1051
958 1079
958 1081
959 983
959 1034
960 1011
960 1030
960 1092
961 969
961 996
961 1074
961 1076
962 985
962 1026
962 1097
963 1032
963 1069
964 1084
964 1094
965 975
967 1008
967 1036
967 1055
967 1061
968 1010
969 1007
969 1082
971 1037
971 1068
971 1083
971 1095
972 1007
973 1089
974 984
974 1027
974 1090
975 1070
976 1030
976 1044
977 985
977 987
977 1031
977 1032
977 1081
978 981
978 993
978 1074
979 1060
979 1075
980 990
980 1002
980 1015
980 1067
981 988
981 993
981 1025
981 1097
982 1065
983 1009
983 1010
983 1040
983 1042
983 1090
984 1017
984 1053
984 1076
984 1095
985 1037
985 1055
987 1028
987 1057
988 996
988 1001
988 1084
990 993
990 1030
990 1047
990 1089
991 998
991 1071
991 1096
992 1085
995 1006
995 1023
995 1058
996 1022
996 1043
996 1047
996 1085
997 1051
997 1075
997 1087
997 1092
998 1009
998 1027
998 1028
998 1052
998 1066
1001 1036
1001 1060
1001 1092
1002 1068
1003 1025
1003 1026
1003 1048
1003 1054
1003 1063
1005 1010
1005 1023
1005 1029
1005 1042
1005 1048
1006 1019
1007 1036
1007 1037
1007 1069
1007 1073
1008 1012
1008 1023
1008 1081
1008 1090
1009 1027
1009 1048
1010 1042
1010 1060
1011 1049
1012 1053
1012 1085
1012 1096
1013 1096
1014 1077
1015 1065
1016 1038
1017 1065
1017 1092
1018 1027
1018 1074
1019 1030
1020 1044
1020 1091
1021 1095
1022 1063
1022 1090
1023 1060
1023 1097
1026 1040
1026 1048
1026 1072
1027 1044
1027 1075
1028 1032
1029 1098
1030 1072
1030 1077
1030 1098
1032 1042
1032 1075
1033 1052
1034 1043
1035 1087
1036 1043
1036 1052
1036 1084
1037 1040
1037 1063
1037 1068
1041 1061
1041 1071
1042 1088
1043 1072
1043 1076
1044 1063
1044 1071
1045 1077
1048 1088
1049 1093
1052 1072
1054 1071
1056 1093
1057 1090
1058 1073
1058 1075
1058 1082
1059 1075
1059 1080
1059 1081
1062 1067
1062 1089
1065 1083
1067 1083
1067 1086
1080 1081
1089 1097
