500
0 31
0 113
0 196
0 397
0 437
1 76
1 95
1 105
1 114
1 132
1 143
1 162
1 261
1 266
1 289
1 383
1 437
2 49
2 58
2 61
2 64
2 160
2 188
2 250
2 266
2 377
2 425
2 466
3 31
3 49
3 65
3 130
3 230
3 399
3 435
3 468
4 17
4 88
4 143
4 298
4 309
4 410
4 485
5 18
5 67
5 81
5 216
5 396
5 406
5 475
6 39
6 71
6 97
6 141
6 163
6 187
6 221
6 349
6 373
6 391
6 487
7 76
7 95
7 159
7 235
7 244
7 405
7 452
7 485
8 31
8 50
8 84
8 86
8 133
8 158
8 165
8 406
8 410
8 426
8 431
8 437
9 15
9 19
9 25
9 75
9 145
9 258
9 306
9 344
9 359
9 446
9 463
10 63
10 84
10 143
10 178
10 215
10 322
10 379
10 385
10 479
10 491
11 25
11 32
11 34
11 50
11 187
11 312
11 397
11 493
12 22
12 110
12 149
12 207
12 240
12 268
12 279
12 376
13 67
13 138
13 215
13 233
13 277
13 292
13 347
13 447
13 452
13 454
14 90
14 96
14 194
14 255
14 283
14 401
14 416
14 462
15 47
15 155
15 203
15 309
15 383
15 438
15 465
16 24
16 43
16 96
16 119
16 174
16 185
16 189
16 203
16 229
16 271
16 297
16 337
16 378
16 459
16 484
17 25
17 85
17 208
17 217
17 288
17 454
18 22
18 23
18 165
18 189
18 238
18 241
18 397
18 481
19 64
19 70
19 158
19 187
19 239
19 242
19 261
19 293
19 300
19 361
19 388
19 464
19 492
20 41
20 150
20 151
20 263
20 272
20 288
20 292
20 317
20 319
20 339
20 421
20 426
21 107
21 118
21 165
21 211
21 294
21 389
21 392
21 433
21 495
22 57
22 76
22 101
22 132
22 139
22 171
22 269
22 304
22 313
22 327
22 397
22 431
23 44
23 77
23 100
23 112
23 117
23 158
23 214
23 230
23 241
23 328
23 394
23 432
23 451
23 464
23 469
24 42
24 120
24 173
24 234
24 288
24 357
24 393
24 445
24 463
24 491
25 50
25 79
25 122
25 144
25 242
25 251
25 274
25 299
25 347
25 356
25 391
26 36
26 54
26 57
26 97
26 178
26 180
26 204
26 215
27 202
27 251
27 272
27 355
27 439
27 451
28 35
28 69
28 232
28 310
28 326
28 339
28 352
28 369
28 391
29 81
29 88
29 138
29 148
29 245
29 266
29 366
29 367
29 469
30 149
30 161
30 190
30 221
30 232
30 259
30 383
30 398
31 39
31 47
31 126
31 135
31 299
31 305
31 311
31 325
31 451
31 456
32 153
32 285
32 326
32 375
32 410
33 187
33 276
33 326
33 372
33 374
33 390
33 406
34 105
34 112
34 170
34 184
34 242
34 258
34 348
34 407
34 463
34 473
35 62
35 71
35 103
35 315
35 316
35 342
35 346
35 390
35 492
36 258
36 266
36 268
36 309
36 342
36 417
36 424
36 428
36 457
37 83
37 141
37 152
37 261
37 414
37 453
38 55
38 183
38 225
38 243
38 386
38 439
39 135
39 259
39 324
39 326
39 346
39 459
40 92
40 183
40 193
40 206
40 328
40 336
40 423
40 429
40 462
41 45
41 93
41 108
41 142
41 226
41 275
41 312
41 336
41 362
41 458
41 488
42 72
42 130
42 152
42 168
42 196
42 200
42 494
43 51
43 104
43 190
43 253
43 273
43 369
43 398
43 400
43 457
44 53
44 55
44 69
44 80
44 84
44 301
44 310
44 327
44 363
44 365
44 404
44 414
44 429
44 483
45 52
45 83
45 103
45 105
45 115
45 125
45 127
45 143
45 245
45 340
45 356
46 107
46 123
46 229
46 418
47 59
47 113
47 117
47 131
47 296
47 385
47 396
47 400
47 425
47 453
47 456
48 77
48 152
48 175
48 213
48 214
48 370
48 420
49 129
49 242
49 270
49 336
49 339
49 345
49 381
49 460
49 464
50 151
50 189
50 248
50 282
51 84
51 112
51 205
51 262
51 278
51 303
51 361
51 367
51 375
51 426
52 59
52 81
52 99
52 113
52 279
52 304
52 376
52 413
53 82
53 107
53 227
53 236
53 263
53 288
53 375
54 64
54 108
54 126
54 234
54 353
54 374
54 442
55 60
55 115
55 131
55 217
55 256
55 398
55 466
56 138
56 179
56 184
56 254
56 287
56 431
56 480
56 496
57 104
57 133
57 207
57 209
57 300
57 354
57 359
57 374
57 447
58 106
58 150
58 165
58 316
58 323
58 478
58 495
59 121
59 129
59 217
59 245
59 275
59 304
59 321
59 347
59 364
59 404
59 412
59 466
60 96
60 201
60 203
60 247
60 267
60 271
60 345
60 417
60 463
60 466
61 126
61 131
61 283
61 288
61 443
62 155
62 230
62 233
62 301
62 432
62 445
62 463
63 66
63 77
63 143
63 257
63 290
63 440
63 467
63 497
64 72
64 76
64 115
64 151
64 175
64 200
64 302
64 317
64 320
64 341
64 359
64 365
64 431
64 499
65 267
65 394
65 433
65 445
66 126
66 141
66 177
66 191
66 193
66 214
66 248
66 386
66 435
67 78
67 90
67 126
67 149
67 157
67 208
67 255
67 329
67 390
67 405
67 423
67 452
68 95
68 147
68 230
68 335
68 386
68 445
69 211
69 220
69 283
69 320
69 388
69 402
69 406
69 451
70 253
70 441
70 445
70 486
70 496
71 82
71 124
71 127
71 136
71 147
71 164
71 176
71 349
71 356
71 419
71 475
72 90
72 123
72 234
72 286
72 307
72 338
73 91
73 112
73 209
73 294
73 345
73 364
74 410
74 420
74 432
75 167
75 185
75 219
75 310
75 312
75 398
75 483
76 78
76 150
76 363
76 371
76 445
76 462
77 130
77 213
77 250
77 274
77 332
77 444
77 475
78 129
78 244
78 268
78 334
78 360
78 383
78 439
78 477
79 112
79 143
79 198
79 254
79 322
79 370
79 375
79 404
79 464
79 472
80 85
80 134
80 170
80 173
80 291
80 360
80 385
80 406
80 448
81 86
81 111
81 144
81 207
81 264
81 295
81 317
81 320
81 330
81 382
81 458
81 470
82 83
82 97
82 108
82 251
82 362
82 403
82 417
82 437
82 442
82 469
82 477
83 86
83 134
83 151
83 174
83 207
83 240
83 268
83 280
83 424
83 439
83 459
83 460
84 108
84 190
84 195
84 256
84 432
84 448
84 453
85 192
85 199
85 270
85 339
85 427
85 470
86 145
86 177
86 239
86 254
86 293
86 366
86 432
87 168
87 186
87 313
87 371
87 407
87 435
88 171
88 309
88 314
88 319
88 374
88 383
88 490
89 179
89 224
89 304
89 311
89 316
89 341
89 412
89 433
89 437
89 440
89 451
89 497
90 101
90 104
90 111
90 184
90 332
90 338
90 435
91 115
91 134
91 140
91 142
91 156
91 242
91 282
91 318
91 342
91 438
91 439
91 485
92 137
92 140
92 152
92 162
92 168
92 208
92 275
92 305
92 385
92 389
93 157
93 189
93 194
93 376
93 421
93 430
93 438
94 134
94 268
94 300
94 309
94 348
94 377
94 450
95 104
95 161
95 249
95 360
95 365
95 379
95 403
95 408
95 425
95 471
95 495
96 102
96 204
96 310
96 322
96 335
96 358
96 392
96 464
96 473
96 488
97 100
97 112
97 164
97 187
97 192
97 232
97 242
97 280
97 414
97 462
97 464
98 152
98 198
98 261
98 410
98 428
98 460
99 132
99 161
99 172
99 174
99 179
99 394
99 451
99 462
100 119
100 230
100 235
100 244
100 357
100 448
101 114
101 116
101 121
101 397
101 425
101 440
101 449
102 125
102 150
102 166
102 174
102 252
102 287
102 345
102 350
102 386
103 105
103 149
103 260
103 309
103 390
104 169
104 222
104 276
104 324
104 342
104 348
104 430
105 146
105 157
105 228
105 264
105 389
105 420
105 423
105 424
105 440
105 466
105 487
106 122
106 135
106 185
106 222
106 263
106 268
106 301
106 335
106 336
106 345
106 400
106 404
106 440
106 462
107 154
107 155
107 166
107 243
107 297
107 320
107 345
107 361
107 418
107 441
108 235
108 277
108 338
108 368
109 111
109 182
109 188
109 292
109 368
109 434
109 482
110 123
110 197
110 210
110 249
110 390
110 396
110 432
110 459
111 156
111 162
111 248
111 309
111 375
111 403
111 460
112 128
112 132
112 247
112 258
112 308
112 335
112 365
112 450
113 166
113 212
113 387
113 390
113 395
113 419
113 486
113 497
114 165
114 174
114 187
114 215
114 312
114 338
114 343
114 381
114 445
114 497
115 117
115 137
115 154
115 261
115 340
115 368
115 419
115 437
115 454
116 123
116 165
116 177
116 254
116 280
116 308
116 327
116 417
116 487
117 124
117 139
117 153
117 169
117 178
117 197
117 271
117 310
117 331
117 415
117 435
117 448
118 157
118 187
118 205
118 269
119 164
119 191
119 195
119 299
119 364
119 415
119 431
119 475
119 486
120 153
120 157
120 159
120 245
120 311
120 340
120 366
120 489
121 127
121 146
121 148
121 252
121 288
121 413
121 424
121 444
121 471
121 496
122 164
122 194
122 263
122 279
122 328
122 350
122 398
122 427
122 462
123 161
123 189
123 204
123 323
123 371
123 470
124 173
124 175
124 355
124 424
124 426
125 170
125 265
125 340
125 452
126 135
126 222
126 259
126 286
126 497
127 134
127 207
127 242
127 264
127 333
127 376
127 395
127 409
127 420
127 452
127 455
127 456
127 484
128 168
128 228
128 230
128 383
128 459
128 466
128 473
128 481
129 237
129 242
129 332
129 336
129 350
129 425
129 475
129 483
130 199
130 210
130 481
131 160
131 215
131 281
131 341
131 385
131 408
131 409
132 135
132 167
132 191
132 273
132 281
132 315
132 372
132 412
133 280
133 290
133 317
133 328
133 368
133 395
133 457
134 201
134 255
134 339
134 439
134 440
134 442
134 467
135 178
135 226
135 267
135 274
135 349
135 356
135 386
135 411
135 424
135 455
135 479
136 143
136 241
136 261
136 314
136 371
136 413
137 149
137 196
137 330
137 371
137 380
137 441
137 468
137 477
138 152
138 156
138 199
138 214
138 324
138 364
138 401
138 406
138 409
138 463
139 196
139 206
139 356
139 416
139 426
139 458
139 477
140 166
140 266
140 414
140 430
140 479
141 317
141 352
141 391
141 396
141 431
141 494
142 201
142 203
142 219
142 225
142 236
142 263
142 282
142 294
142 305
142 325
142 338
142 363
142 436
143 160
143 170
143 243
143 245
143 250
143 277
143 347
143 394
143 429
143 466
144 158
144 181
144 309
144 329
144 341
144 344
144 378
144 485
145 176
145 362
145 457
146 216
146 317
146 392
146 471
146 491
147 187
147 214
147 250
147 255
147 275
147 286
147 317
148 164
148 202
148 228
148 240
148 298
148 307
148 324
148 378
148 413
149 177
149 195
149 247
149 274
149 282
149 334
149 384
149 388
149 403
149 420
150 190
150 231
150 244
150 269
150 273
150 283
150 309
150 360
150 412
150 428
151 208
151 231
151 242
151 367
151 382
151 443
151 447
151 465
152 165
152 190
152 226
152 344
152 403
152 443
152 471
153 270
153 282
153 335
153 337
153 364
153 464
153 469
153 492
154 171
154 173
154 186
154 245
154 297
154 313
154 337
154 434
154 435
154 498
155 160
155 274
155 359
155 400
156 209
156 263
156 288
156 308
156 315
156 381
156 400
157 173
157 178
157 193
157 194
157 220
157 224
157 254
157 275
157 281
157 351
157 370
157 385
157 422
158 198
158 207
158 239
158 245
158 303
158 328
158 360
158 365
158 448
158 492
159 226
159 231
159 303
159 315
159 322
159 337
159 419
160 188
160 224
160 242
160 248
160 288
160 413
160 459
161 253
161 268
161 292
161 331
161 354
161 358
161 404
161 479
162 196
162 258
162 281
162 284
162 322
162 341
162 377
162 404
162 477
163 209
163 235
163 254
163 316
163 329
163 375
163 491
164 196
164 306
164 331
164 389
164 392
164 460
165 268
165 282
165 364
165 381
165 430
165 432
166 183
166 235
166 276
166 342
166 415
166 420
166 435
166 459
167 293
167 396
167 427
167 435
167 441
167 468
168 236
168 255
168 267
168 305
168 319
168 358
168 376
168 395
168 417
169 268
169 278
169 286
169 314
169 342
169 376
169 395
169 407
169 480
170 319
170 322
170 447
170 479
171 194
171 199
171 209
171 220
171 340
171 342
171 434
171 448
172 189
172 206
172 212
172 229
172 281
172 298
172 326
172 387
172 395
172 419
172 425
172 433
172 467
172 492
173 240
173 297
173 299
173 305
173 437
173 459
174 175
174 199
174 296
174 307
174 385
174 499
175 200
175 239
175 262
175 310
175 384
175 398
175 415
176 181
176 199
176 239
176 386
176 398
176 495
176 497
177 185
177 186
177 270
177 349
177 400
177 413
177 429
177 496
178 225
178 282
178 288
178 370
178 450
178 452
179 308
179 378
179 380
179 428
179 431
180 183
180 263
180 303
180 362
180 419
180 454
180 459
181 190
181 302
181 329
181 340
181 493
182 194
182 286
182 361
182 413
182 422
182 434
182 484
183 189
183 197
183 252
183 281
183 298
183 448
183 488
184 234
184 322
184 331
184 380
184 490
185 206
185 257
185 259
185 269
185 284
185 297
185 313
185 437
186 352
186 416
186 493
187 189
187 209
187 243
187 244
187 269
187 302
187 340
187 466
187 478
188 255
188 291
188 302
188 330
188 337
188 376
188 426
188 499
189 295
189 345
189 399
189 451
190 212
190 234
190 235
190 261
190 396
191 195
191 202
191 238
191 247
191 362
191 368
191 497
192 201
192 232
192 242
192 418
192 428
192 449
193 256
193 273
193 302
193 308
193 389
193 399
193 400
194 196
194 247
194 304
194 461
195 287
195 309
195 349
195 360
195 440
196 271
196 325
196 390
196 427
197 212
197 336
197 427
197 438
197 467
198 235
198 241
198 309
198 408
198 464
199 242
199 298
199 346
199 408
199 418
199 443
199 481
200 220
200 221
200 264
200 270
200 295
200 347
200 355
200 361
200 382
200 432
200 471
201 223
201 240
201 297
201 337
201 352
201 495
202 225
202 235
202 274
202 434
202 443
202 499
203 322
203 327
203 344
203 372
203 386
203 419
203 482
203 491
204 276
204 341
204 462
205 252
205 255
205 286
205 302
205 307
205 309
205 316
205 378
205 477
206 234
206 274
206 392
206 434
207 224
207 251
207 317
207 329
207 393
207 416
207 417
207 462
208 233
208 341
208 346
208 383
208 384
208 392
208 434
209 229
209 252
209 282
209 287
209 342
209 343
209 344
209 383
210 211
210 220
210 249
210 262
210 342
210 395
210 448
210 481
211 269
211 277
211 472
212 222
212 260
212 319
212 343
212 388
212 413
213 384
214 386
214 434
215 267
215 443
215 453
215 489
216 267
216 285
216 402
216 415
216 479
216 494
217 229
217 243
217 272
217 276
217 357
217 390
217 435
218 278
219 235
219 260
219 271
219 353
219 364
219 382
219 453
220 229
220 247
220 250
220 256
220 300
220 372
220 384
220 386
221 301
221 350
222 256
222 263
222 390
222 398
222 427
222 480
223 291
223 413
223 420
224 433
224 459
224 474
225 343
225 390
225 405
225 429
225 477
226 233
226 260
226 323
226 352
226 363
226 398
226 493
227 260
227 272
227 291
227 387
227 390
227 494
228 326
228 359
228 390
228 430
228 443
229 243
229 287
229 349
229 486
230 339
230 412
230 487
231 310
231 463
232 256
232 296
232 382
232 409
232 466
232 485
232 493
233 250
233 254
233 286
233 445
233 492
234 260
234 314
234 341
234 404
234 459
234 475
235 238
235 251
235 258
235 372
236 271
236 297
236 374
236 387
236 444
236 463
236 472
237 273
237 304
238 251
238 297
238 319
238 346
238 402
239 359
239 371
239 404
239 422
239 433
239 440
239 443
239 445
240 325
240 327
240 345
240 436
241 292
241 356
241 406
242 285
242 350
242 447
242 475
242 489
243 264
243 292
243 298
243 303
243 427
243 435
243 468
243 470
244 260
244 398
244 474
245 296
245 310
245 392
245 477
245 485
246 266
246 335
246 401
246 411
246 419
246 428
246 493
247 262
247 300
247 390
247 402
248 250
248 337
248 398
248 433
249 297
249 303
249 309
249 344
249 375
249 397
249 404
249 421
249 450
249 457
250 312
250 362
250 487
251 274
251 289
251 370
251 372
251 427
251 441
252 269
252 278
252 305
252 312
252 343
252 366
252 392
252 419
252 479
253 297
253 358
253 371
253 466
253 473
254 367
255 345
255 470
255 489
256 344
256 357
256 467
256 486
257 270
257 303
257 338
257 446
257 453
257 477
257 493
258 277
258 291
258 326
258 352
258 418
259 316
259 320
259 332
259 339
259 369
259 372
259 383
259 402
259 493
260 303
260 312
260 324
260 351
260 358
260 375
260 417
260 498
261 347
261 351
261 427
261 449
261 490
262 296
262 308
262 346
262 375
262 421
263 363
263 427
263 489
264 291
264 352
264 371
264 405
264 462
265 289
265 303
265 316
265 368
265 388
265 428
265 434
266 303
266 366
266 466
266 472
266 474
267 292
268 285
268 342
268 452
269 276
269 437
269 439
269 450
269 478
270 370
270 427
270 463
271 401
271 469
271 485
272 296
272 341
272 378
272 403
272 448
272 486
272 489
273 286
273 305
273 336
273 352
273 356
273 381
273 388
273 485
274 322
274 327
274 340
274 353
274 355
274 408
274 496
275 282
275 357
275 431
275 462
275 483
276 350
276 413
276 478
277 286
277 293
277 312
277 327
277 330
277 335
277 362
277 365
277 417
277 457
277 477
277 481
277 491
278 290
278 378
279 356
279 377
279 431
279 483
280 423
280 431
280 483
280 492
281 354
281 358
281 398
281 416
282 357
282 407
282 409
282 464
282 473
282 485
283 307
283 325
283 376
284 297
284 307
284 356
284 408
284 453
285 396
285 427
285 434
286 300
286 303
286 364
286 386
286 415
286 467
286 478
286 498
287 295
287 319
287 332
287 338
287 416
287 428
288 372
288 421
289 298
289 346
289 444
289 460
290 293
290 316
290 341
291 395
291 466
292 351
292 417
292 422
293 297
293 338
293 385
293 393
293 397
293 421
293 462
293 490
293 495
294 302
294 345
294 404
294 456
295 353
295 419
295 424
295 464
295 484
295 489
296 403
296 435
297 322
297 376
297 413
298 322
298 344
298 357
298 377
298 391
298 393
298 403
298 442
298 469
298 473
299 335
299 369
299 383
299 410
300 306
300 403
300 475
301 374
301 394
301 397
301 416
301 422
301 458
302 341
302 387
303 313
303 348
303 429
304 451
305 338
305 342
305 373
305 389
305 430
306 335
306 357
306 372
306 466
306 478
307 309
307 336
307 436
308 386
308 433
308 439
308 472
308 483
309 476
310 386
310 483
310 496
311 328
311 352
311 448
311 484
312 323
312 340
312 398
312 482
313 355
313 429
313 448
313 478
313 496
314 326
314 327
314 338
314 361
314 440
315 359
315 417
315 427
315 477
315 487
315 493
316 345
316 363
316 368
316 386
316 434
317 360
317 379
317 385
317 442
318 365
318 395
319 326
319 333
319 383
319 414
319 461
319 469
320 335
320 355
320 441
321 332
321 373
321 399
321 422
321 470
322 338
322 373
322 378
322 410
322 454
322 466
322 481
323 347
323 394
323 471
324 351
324 431
324 433
325 369
325 480
326 346
326 368
326 387
326 413
326 441
326 455
326 495
327 352
328 406
328 412
328 427
328 476
329 372
329 418
329 440
330 384
331 376
331 407
332 356
332 416
332 431
332 460
332 462
333 398
333 405
334 354
334 398
334 415
334 423
334 433
334 485
335 347
335 362
335 411
336 387
336 404
336 436
337 498
338 370
339 363
339 482
340 372
340 421
340 440
340 487
341 347
341 366
341 401
341 407
341 435
341 439
341 486
342 354
342 407
342 494
342 498
343 446
343 483
344 372
344 391
344 418
344 476
345 357
346 409
346 499
347 479
348 349
348 351
348 405
348 482
349 445
349 464
350 428
350 458
351 388
351 411
352 370
352 382
352 431
352 460
352 466
352 491
352 492
353 412
353 476
353 480
354 386
354 418
355 372
355 408
355 429
355 471
356 434
356 467
357 384
357 392
357 411
357 419
358 369
359 401
359 402
359 439
359 448
359 479
359 487
360 382
360 461
360 466
361 397
361 402
361 492
362 414
362 436
363 413
363 419
363 457
364 443
364 478
364 495
365 422
365 426
365 429
365 458
365 468
366 368
366 428
367 403
367 465
368 375
368 449
369 372
369 399
369 433
370 497
372 415
372 433
374 390
374 401
374 479
375 393
375 468
375 491
376 401
376 431
376 446
377 469
377 478
378 400
378 444
378 497
379 420
379 429
379 444
379 458
379 459
380 451
380 465
380 475
381 439
381 463
382 387
382 482
382 497
383 408
384 481
384 484
385 421
386 404
386 439
386 444
387 394
388 397
389 395
389 433
389 449
389 474
389 480
390 392
390 405
390 491
390 494
391 428
391 435
391 458
391 484
392 420
392 439
393 436
393 438
393 445
394 413
395 404
395 432
395 482
395 491
396 483
396 487
397 439
397 458
398 399
398 403
398 460
398 491
399 493
401 434
401 487
402 490
403 410
403 457
404 435
404 449
404 451
405 408
405 425
405 461
405 469
405 471
406 421
407 411
407 419
408 433
409 454
409 463
410 413
410 415
410 497
411 437
413 456
415 422
415 466
416 418
417 472
417 474
417 495
418 481
419 440
419 442
420 427
420 432
420 434
420 453
420 464
421 486
422 425
422 454
423 428
424 436
425 487
425 498
427 443
427 450
427 475
427 480
427 493
428 439
428 488
428 493
429 433
429 487
430 490
431 470
432 433
432 488
433 449
433 487
434 456
434 493
434 499
437 455
438 458
438 481
439 467
440 460
440 496
441 459
442 472
444 476
444 477
448 451
449 483
450 451
450 497
451 456
451 480
452 469
453 488
454 468
455 486
455 494
459 460
459 465
460 471
462 487
467 474
467 481
468 487
470 498
474 475
474 496
475 492
480 497
487 496
491 493
